1500 2000
1005 376 5612
817 377 4558
1335 830 5283
237 722 9045
167 867 5361
372 238 731
422 602 3367
934 1466 8399
509 22 3291
1061 330 1506
1144 1039 4930
839 1222 6375
613 1218 368
959 142 2299
1361 1380 3110
45 918 4040
1059 823 8361
547 1144 1733
828 578 4660
228 450 2878
937 303 6545
1055 955 2261
1030 1342 4075
746 696 2126
121 756 2094
767 512 8272
523 218 9360
1079 888 8370
54 602 4409
1422 1343 1892
1157 124 5019
1292 195 4363
431 835 5398
1400 944 1536
1244 376 3130
799 299 127
620 65 9086
723 465 2656
1346 1099 2816
243 674 3511
1210 1024 2020
646 88 480
451 143 308
28 949 46
764 1353 4838
216 1382 4246
133 288 1772
827 1170 707
1265 1270 3687
1064 391 108
810 1382 2920
1472 55 1798
1349 682 2378
1323 1077 1710
1423 1174 8095
1080 966 4930
519 642 7667
219 308 7152
1306 1069 2735
1243 749 9367
239 39 6221
850 1480 4065
875 1011 9602
750 421 8578
26 1159 2111
621 1135 1785
1093 18 9174
1318 579 4213
340 1044 1768
70 276 433
1376 215 8870
1097 836 4777
316 858 8349
1431 1165 4888
573 325 9318
454 1187 3581
1389 828 1807
1104 517 140
1024 230 5747
684 71 1471
397 444 413
1148 928 3690
834 1380 8589
696 819 5373
1480 702 2114
1451 114 8608
451 33 1621
50 1204 6988
310 42 4661
1357 94 8275
1487 1302 3422
799 1432 5864
30 288 6561
659 955 8655
972 1 5111
827 929 8730
885 129 3886
1060 765 5388
257 406 8441
922 1334 5713
1012 329 7307
1061 623 3477
328 524 6400
275 1459 8926
146 1456 5005
638 741 580
433 825 9646
122 1071 3009
634 424 9347
748 1376 212
1220 62 1153
61 689 1920
907 597 6471
508 877 1238
12 1071 3592
602 1482 9677
1479 1424 1280
858 1142 1601
1419 417 8722
642 47 1543
3 1239 1886
1048 1062 2948
530 1450 8638
1328 17 2752
33 326 3566
999 447 2006
1265 866 1046
668 305 1146
535 51 6680
436 1421 5877
135 497 2468
321 1448 7312
39 1395 8764
311 1439 19
339 1402 6588
635 1015 1389
800 454 3930
346 488 8088
1104 1164 8235
516 993 8940
958 395 8956
480 884 768
1377 281 2481
323 1070 2023
908 797 6107
269 1326 718
693 578 5934
689 1460 623
598 458 1422
732 960 6955
876 736 592
1367 634 8137
1094 11 1890
1353 194 9118
367 388 592
288 422 3341
949 933 9131
364 166 4058
719 18 4044
899 953 1183
1358 312 5520
835 865 4314
612 861 3742
632 393 3201
589 943 1547
762 927 9603
777 1392 1620
1317 644 803
170 1417 1393
167 544 9381
1497 768 568
1440 1420 1142
424 1180 6033
715 1070 2454
455 667 9179
890 1481 7880
835 1151 330
1373 1442 3747
1055 364 933
1489 446 6500
1256 736 5271
989 1075 8482
811 1234 8284
1250 982 9041
291 1064 5942
1403 1119 3142
534 139 6246
1457 611 957
395 53 5738
495 294 4133
25 706 6065
213 1302 2659
1417 923 7901
118 288 2692
93 1377 4319
178 889 1167
1268 206 1558
1394 643 7243
507 1433 4124
342 1426 9739
1371 459 7691
1042 438 2924
852 78 3817
804 1468 658
739 1034 2153
855 533 1960
1126 332 5027
894 213 6483
247 1355 4917
865 986 9623
919 980 9798
539 506 2385
1216 1296 4271
871 1000 2833
60 452 6367
1220 209 6564
771 4 5241
399 441 1776
442 398 3791
441 716 3811
1322 985 4812
521 184 5719
323 1465 8813
634 69 4686
1089 151 7333
95 460 5055
1325 1330 5322
1224 7 8957
1443 765 6547
85 440 3647
211 1415 4968
1470 1345 8618
998 937 1323
1104 763 732
1061 1011 8456
755 558 945
790 1422 9626
249 712 5958
945 571 64
470 22 9771
1402 653 9261
261 1292 2905
25 45 5887
1445 182 3809
125 333 3589
694 1365 1302
922 1342 9566
850 385 897
152 225 5216
1413 914 4849
468 1347 686
212 301 5144
996 1376 3417
534 1272 1077
838 166 4814
418 752 2091
912 862 3783
826 167 7037
253 679 8312
756 829 2597
1101 28 904
231 1177 9108
39 400 4810
892 1465 9158
539 695 7036
453 1255 4431
618 1043 4442
258 300 3501
653 1284 2820
129 309 1614
743 727 7842
889 327 9626
715 248 3353
63 790 5910
501 965 6465
161 1330 4539
1235 1317 3630
1489 598 3860
584 1230 4392
537 1265 4901
436 1404 8624
1475 211 4457
1145 331 5631
365 1270 2575
1412 368 6364
1477 864 275
771 917 4546
621 140 5963
518 885 1052
123 1212 5970
668 699 2420
699 453 31
1251 1385 988
39 401 2220
431 1438 6352
1174 474 6567
118 983 4283
180 464 2629
1382 656 9841
1321 1032 9246
730 598 7818
6 1225 9364
1114 1271 5198
813 1175 1478
432 883 7566
1104 254 8193
1114 322 7805
1353 516 660
194 905 9922
458 1338 9208
154 1263 3728
1422 1416 3709
250 192 7492
681 841 9199
3 476 4311
677 94 1750
543 9 6237
941 1206 3758
1326 215 5806
387 701 8206
253 975 3765
450 797 1983
439 662 772
284 843 3539
1333 245 8622
189 517 5876
1092 712 9670
814 36 9982
1439 1090 8707
1190 586 5026
1431 78 7408
438 753 7360
32 702 8441
1488 444 4538
1045 870 8738
973 333 3502
694 859 4767
528 1141 7251
1469 898 7666
1139 543 6590
1035 1482 4194
657 1454 116
329 409 1805
1322 610 2023
738 1256 6117
1007 692 1095
759 1186 56
856 1244 1102
6 69 5728
943 489 8180
1339 519 7020
825 1472 2453
120 240 7788
83 14 3447
949 1077 9256
1087 717 6516
486 204 6978
1450 506 6280
579 1375 3800
235 1137 4046
1059 749 4026
920 382 1828
1353 617 7099
1300 1092 7626
1263 574 6924
409 1275 2359
1364 998 5327
15 303 5607
773 1224 9585
1059 109 9362
658 938 4713
222 1310 5202
536 126 5186
475 529 6979
773 684 6683
744 264 4400
318 210 4825
1185 831 4140
346 356 3183
258 261 9736
610 1273 8033
408 1355 4281
888 945 2408
1017 630 1437
433 95 3857
45 892 5173
1244 1436 3396
121 789 7851
17 460 5594
521 1315 1786
1112 1260 8800
1463 1361 9796
588 802 391
1402 967 8005
429 816 2425
178 1273 1470
1442 34 6418
923 1078 6032
1251 984 4873
821 1257 953
367 1155 846
1459 444 6712
581 761 5942
1347 544 4658
378 1173 121
947 149 6901
1217 433 3611
775 457 7100
35 951 6337
399 748 737
1081 358 5396
560 67 4722
138 211 938
966 74 6183
896 1338 6580
397 280 8498
345 544 1903
600 1053 2077
1257 257 2797
1121 553 4490
648 1450 4120
1066 1224 6599
1118 223 6168
1006 1124 7789
443 1012 63
203 1238 6936
1234 635 8780
1362 1216 1189
198 582 8394
1235 1234 7482
638 1344 8507
1242 712 8237
232 1353 1852
244 1285 7672
992 13 6276
35 733 8416
717 1080 4304
263 1319 5607
672 472 4005
1203 1498 3732
1030 541 8882
1413 890 3328
458 123 7596
423 905 6163
1260 409 9364
1004 666 4781
327 1409 3210
877 774 3899
438 166 820
450 770 8357
74 1411 9631
836 38 6397
1082 419 7694
504 265 584
459 1425 4501
71 29 8349
673 763 2024
776 1042 9633
1144 99 5392
1303 997 9125
387 136 8662
965 329 7354
283 282 4807
1429 858 6270
1025 980 1123
158 984 4200
515 674 4095
1071 565 9649
1284 815 4220
767 565 1875
1377 525 1246
864 1417 6504
14 1160 9489
1432 24 706
141 922 906
1089 613 505
1448 888 670
60 422 1422
1221 934 8645
161 159 8321
543 761 8182
238 1296 8824
1300 400 3697
961 1329 3633
1175 1477 8099
1452 60 2444
685 69 187
934 615 1921
1196 188 8514
260 779 3453
68 470 9958
482 1246 3718
627 1031 8654
1379 1361 4868
1105 327 7053
1332 327 5077
409 1181 1582
89 482 7602
471 751 1834
322 1061 1715
1287 1026 7495
1169 191 2768
832 636 1349
1314 796 988
243 1416 3228
1345 470 9969
903 90 3969
422 117 9250
1171 1441 2300
499 492 2130
503 1487 3221
733 506 2990
399 600 3773
0 1050 1571
714 1443 2734
516 1265 9481
653 763 6820
1212 954 3354
39 1240 3040
1264 615 887
1247 1236 9464
237 1180 1399
1021 677 8194
1178 21 7606
755 1105 9023
595 379 8878
1024 265 7465
1138 16 7066
1306 57 9281
985 1118 9263
48 40 1798
1369 252 2677
916 532 6950
1301 424 983
816 1295 6352
909 1266 7019
869 636 4655
18 1383 5750
24 592 9
242 3 6428
1040 891 4725
768 1040 5586
65 830 5842
1099 484 1456
238 580 6259
936 1425 7710
1273 993 4181
1341 496 4257
560 806 564
1297 375 1579
834 1438 4272
386 1466 6040
428 935 3589
1432 583 846
175 636 7119
208 639 9241
825 1334 4361
0 123 5704
345 553 1515
108 111 6879
321 1172 9100
481 80 4202
612 336 6175
994 265 6586
1068 1374 6434
925 877 5841
265 126 215
645 683 5782
786 726 5645
576 1199 4891
327 840 9990
314 1477 6341
600 652 2358
1045 1201 7903
1224 225 8583
607 630 856
1234 698 3746
368 8 3330
166 1160 4213
539 152 2243
584 152 2183
588 305 4325
1323 1210 3554
1278 810 4355
946 140 5876
1083 973 7302
1410 1435 4798
1052 688 3845
373 27 6445
494 1022 2518
552 1036 9018
698 355 9005
5 880 7007
891 939 7090
376 1088 2829
92 315 1305
1498 1218 279
820 1124 4575
842 636 175
475 222 7345
749 287 1750
1135 866 1653
638 1177 5503
166 955 7147
249 247 2157
935 165 7057
167 581 3294
1012 745 8257
725 461 4654
403 1440 5207
255 782 1154
1049 1221 2989
867 101 5057
130 503 2789
939 783 8978
719 1062 8351
571 637 1401
1490 1044 1675
736 604 3716
1466 414 645
294 1056 8348
458 679 4029
1412 1214 2162
331 252 7486
700 412 5068
882 1435 8395
798 1126 806
947 45 9522
447 404 2631
329 1474 6374
128 522 8047
830 1480 5466
33 294 3194
332 1331 62
777 1366 7931
1428 1411 569
587 981 3302
329 1057 9945
1041 221 6884
727 458 3138
961 1195 5594
1045 576 5188
1184 1030 6593
1344 1200 9165
22 702 8736
1242 799 8134
661 1061 4476
192 680 7303
429 1037 2327
792 394 1842
307 1212 4325
392 296 3635
1358 300 6877
691 814 9617
1045 27 7653
1303 204 1957
1472 852 1146
77 975 4828
569 882 8838
1316 1308 3118
942 1265 8214
683 1369 8234
1218 1499 7993
1109 8 727
1266 1039 3395
340 786 2056
524 1452 6839
1341 186 8005
35 817 1096
531 1183 7380
661 1200 5687
537 63 5624
939 45 8966
809 1077 9168
391 1267 8305
1487 352 3455
0 771 7583
25 1415 876
557 805 2082
245 284 3891
805 1272 5915
602 659 9531
1482 527 5640
367 1014 8469
340 292 4917
1432 1385 7228
1034 1135 427
86 60 390
574 1310 8417
638 489 7548
206 1081 3698
948 806 256
1027 1000 5280
666 120 589
1135 828 6107
882 419 5581
1079 1331 4368
1158 118 2768
327 1190 3156
1359 150 1684
247 1281 2343
82 626 639
245 1267 6365
1386 1093 6419
448 541 5143
412 808 8074
550 369 197
1479 1398 3250
279 720 9684
524 746 1303
565 861 5705
1324 1091 8707
897 770 6374
1149 736 421
898 105 110
1329 385 4193
16 23 1028
725 908 3390
1410 356 2133
1060 12 1521
378 1191 1293
173 794 1534
592 332 188
359 1074 9129
638 1406 1643
103 1427 1350
500 85 8302
1089 1430 9787
1013 269 2668
442 1350 9849
528 751 9272
290 707 6384
377 599 9014
990 229 9346
298 1182 5776
1082 1453 5665
953 945 2649
507 544 6715
850 829 1504
730 421 4781
1275 801 7930
1167 700 4046
427 762 9462
1151 1051 5969
614 587 8274
916 40 5513
599 1183 304
1120 537 2419
742 1088 3446
400 683 3349
998 1222 6314
805 73 2085
1488 238 3038
1379 1373 3246
445 826 6862
728 736 7461
463 1045 9807
315 551 6247
501 618 2487
354 1377 5605
480 1184 345
737 1358 2457
584 526 3994
201 1416 8925
495 696 9129
159 961 4643
1168 1351 2242
1371 85 8882
779 1382 1688
693 915 6749
151 581 9803
1219 1338 7005
429 698 6121
586 274 7067
1027 1226 8
16 889 9870
501 88 8250
1209 1065 918
250 51 1180
753 1394 5496
583 1393 1004
1344 1260 3201
1046 1229 781
1040 1006 9509
398 92 6835
1100 487 3609
1187 614 9936
1005 662 2223
545 594 6509
1077 1133 2008
941 1277 3909
395 218 7845
474 1150 9872
1417 344 1448
1341 1370 6113
898 907 1517
143 1046 3553
197 1345 2113
401 1128 3417
1098 381 5928
19 293 3683
354 622 6665
206 169 6311
1390 626 5957
185 549 6540
1163 5 6344
891 419 9069
1069 844 4664
446 934 801
1274 225 6884
371 1315 7395
904 565 926
211 815 9564
932 249 7059
1275 439 9619
1458 741 2936
868 1049 2644
1135 1246 1454
232 939 2143
1298 53 8676
404 1014 3882
812 683 7969
173 878 1602
1400 394 7755
1246 750 7245
1463 709 3451
806 407 5445
889 443 6988
1130 1169 3618
1427 574 167
539 1015 1724
89 133 1804
442 1099 8270
533 1102 3259
341 294 1641
580 786 8922
211 263 3783
57 520 1787
291 49 8062
49 816 5096
185 692 6572
155 384 6964
63 1466 2966
1077 1149 5984
1299 873 2473
545 951 2551
260 670 6035
241 1117 5741
1160 982 2232
492 901 2608
670 400 6143
1484 1177 328
681 1028 6863
1190 1219 5515
1288 289 7150
1330 52 2478
1330 477 618
900 1369 3997
868 20 5879
102 1102 4437
102 538 6028
1071 1289 3191
557 479 9775
730 1482 77
1260 1116 7550
993 314 1453
1411 1374 2742
754 1187 6187
1337 1376 557
1498 401 5713
92 297 5802
899 837 2975
710 1100 5796
770 77 1564
1341 1149 4943
447 1274 3746
190 1239 1854
929 655 8728
1217 1011 20
804 1432 4562
7 619 2166
1114 995 2656
1083 90 6304
1390 1278 1217
1446 1476 6017
282 923 1738
470 1388 1854
1315 837 4309
1307 991 170
771 293 9432
1266 1202 6646
796 253 8854
614 1362 2900
1432 996 1336
1356 1146 4372
123 570 2451
1416 382 7771
503 1333 4489
992 539 8735
497 1069 6615
1231 599 5249
762 1021 5172
592 1273 9633
916 33 8386
889 308 30
1051 943 4058
1479 1316 7247
532 115 7788
85 830 4722
181 100 1060
1473 74 4368
1401 579 5469
107 1160 2372
979 1492 2031
32 824 3515
819 1364 6873
93 678 7700
1159 577 2865
1027 215 6680
1135 884 7313
364 799 9500
1407 668 3406
1287 1481 8071
249 586 1537
1423 984 8403
1389 441 6770
716 483 2369
455 996 1701
706 196 6772
1286 1254 2847
739 378 9733
979 1477 5983
775 35 5482
1271 759 7760
409 982 5089
571 910 4159
433 455 3959
61 43 754
75 1441 6187
70 725 2121
1290 1120 7572
600 743 3982
1456 236 7913
230 558 5230
968 190 5957
1402 1025 6265
1301 442 5649
696 1312 7603
715 1256 2105
884 230 8692
710 607 1235
502 1269 2761
219 600 3427
1212 728 4705
1214 488 9164
320 804 7269
1426 1126 6426
956 1252 1065
644 450 9355
1069 369 4377
30 895 4119
677 1491 4695
52 1131 1013
1460 175 2106
481 814 6593
910 1188 854
99 1343 4565
996 668 1268
1165 234 7321
453 1100 7126
1387 438 7558
1015 108 8908
1325 1378 5649
1071 1233 5512
1166 546 1187
1455 231 8332
579 1381 5844
719 502 9943
9 942 8534
1433 119 5434
63 529 4628
588 433 633
1345 1177 5564
59 1025 9198
156 96 8926
1156 1080 8911
1482 661 3786
906 1034 4996
769 243 6167
1308 758 400
422 1272 6629
697 1440 7284
506 1432 6570
342 149 9428
1111 621 5057
276 1154 5313
1054 412 4978
1213 985 5102
739 720 5607
651 937 9731
1041 1051 4545
148 667 534
1315 124 6325
1163 381 2799
583 1019 4228
1083 451 9550
456 1155 2943
1302 66 9655
548 777 5170
762 943 4189
1421 610 2652
1193 688 879
647 1133 1516
1154 689 8449
65 171 3678
1006 181 1937
557 1025 4600
553 599 9054
993 206 4951
15 567 1608
421 461 5653
1214 391 2759
674 749 7403
1155 526 5804
1370 577 6623
856 1237 1230
210 891 1295
1145 420 2672
113 748 1143
954 942 5572
1052 1307 7535
1032 803 5586
1192 1302 114
1239 420 9937
1236 629 2380
524 707 4931
1372 510 8998
883 1245 6714
1330 544 6719
311 1334 7287
424 807 2252
740 683 1126
1170 261 4442
1084 1470 738
1240 1024 6761
1096 252 6285
1398 359 3433
381 131 2412
700 1303 469
1198 1370 849
116 1457 7735
1409 498 7607
1107 291 9591
517 1065 849
294 1136 7877
997 505 342
369 430 5430
912 802 2135
1159 1282 4573
1297 720 8316
925 542 9122
386 706 3373
131 822 1810
396 1029 7573
941 726 8132
1238 327 6939
158 84 8660
845 917 980
898 454 4331
309 310 306
30 1070 4992
1135 1158 4643
1150 1145 4467
766 1314 6952
471 697 9692
93 499 7627
396 1026 966
277 420 6480
730 1326 441
906 120 3709
610 272 8344
208 56 8264
420 563 9265
705 1436 5701
1023 523 3011
733 555 8484
758 879 4825
927 111 7870
81 70 5735
613 260 5943
980 1133 2238
974 581 639
671 437 1633
1489 1220 3181
869 941 667
1095 849 4711
460 575 5748
55 683 1342
1245 367 6565
799 991 4259
238 959 9390
344 75 2177
364 453 6530
553 718 6795
649 480 1082
740 1238 7468
402 354 4317
955 1102 4149
674 693 1434
225 345 1390
64 1277 7233
77 1414 336
1437 534 8509
1409 854 835
79 841 1873
831 175 9611
1305 642 5495
121 1310 289
485 691 8265
192 1459 2818
367 218 937
1019 670 8740
697 518 6471
900 1029 7651
496 1358 694
827 307 7717
1368 909 5009
942 664 721
879 467 6359
161 297 3106
679 1209 1781
386 640 7969
766 918 5516
350 829 6188
913 998 4283
1160 1281 438
1059 1082 5225
1455 758 5576
550 831 5321
660 279 8827
311 494 5342
507 171 6242
280 5 8199
1388 1319 4046
1116 509 5881
100 720 3252
268 833 3151
1259 954 5728
1118 870 25
173 1254 9417
138 779 6672
100 859 5153
1106 1489 4197
620 211 8101
977 577 6540
841 453 4828
1337 281 2601
750 709 4476
138 1187 8518
1289 1295 988
922 1008 535
138 19 8457
1389 855 6730
393 1057 2136
61 213 5312
1038 867 8943
302 377 1555
66 532 4699
93 791 7056
1429 909 1270
1178 1396 120
1071 44 5048
136 41 2986
590 880 6415
1233 890 8330
1307 216 2304
522 268 9914
576 87 3848
654 690 4151
619 888 1065
1026 222 4138
574 1327 8731
380 27 629
178 842 8428
1258 281 1600
1306 618 2876
317 497 9627
480 1368 9164
931 483 5528
855 463 4040
252 474 7367
1423 29 8748
1463 483 2876
111 194 4708
1060 841 1495
120 688 3715
33 840 2357
629 386 1314
499 285 7712
1021 154 5676
1458 439 6574
1175 1397 4259
275 1222 5185
231 1230 8092
938 222 2359
716 1054 7435
843 899 2141
993 1026 4769
1157 162 4474
1185 167 4650
1264 605 8045
819 935 8974
371 1446 9784
217 526 570
1322 1132 1544
487 727 2600
139 1164 3300
1220 1334 7805
403 1389 3302
1123 947 6758
1163 391 2290
1494 1177 7305
1199 562 5025
527 848 318
1335 943 8274
1004 1368 3146
802 1365 3667
552 241 9545
5 567 6273
1208 328 9313
28 1183 5754
815 14 9649
1050 1485 5840
835 1244 1041
694 1384 8472
91 1062 5925
887 506 5747
97 1218 3885
118 270 2399
1418 652 9740
1165 1367 7511
332 473 973
89 127 2900
457 641 9888
690 1044 2399
1121 1174 3504
647 1316 5720
1006 477 9029
286 946 3145
918 316 1498
466 868 7390
1115 987 2055
45 1203 4002
1005 902 9506
1402 188 7778
1456 219 7002
318 1286 5797
1235 286 3024
463 13 3979
229 627 7097
915 266 1686
778 611 4629
772 1396 1917
1413 393 3135
1092 1377 8278
111 1038 3846
353 983 930
412 938 9134
491 129 8408
938 147 1752
112 552 233
122 85 9792
121 1187 1555
671 1117 5702
892 432 3736
389 124 9842
50 887 4024
1126 1140 1317
946 770 180
304 770 2466
360 260 2396
1019 600 2477
1365 750 7176
898 488 7594
1319 1405 5054
525 950 451
263 167 1628
1224 1305 2602
1340 643 9526
944 428 1242
888 293 5864
288 640 1273
990 1305 1818
1495 97 4356
1342 1053 7150
1090 745 7528
1375 1341 3078
1032 327 2413
345 991 4540
1096 1299 9213
724 1030 6525
520 1097 8384
1246 500 6099
792 802 7251
1419 1436 2219
831 845 5870
386 671 4515
1143 188 7581
339 164 5819
542 105 715
58 684 3111
1384 1405 8569
5 365 7766
801 761 2639
777 553 9649
305 1161 3155
360 479 2879
1186 1456 2714
724 656 6209
131 815 496
1339 872 5832
121 1075 249
42 404 4514
593 438 8231
689 1173 7628
1037 1246 4756
512 902 6121
838 1340 2406
880 851 6235
1216 1125 1777
753 402 5447
115 1046 1184
730 774 2021
942 1212 6196
1245 1284 3423
1242 1473 8863
278 1239 338
119 1064 4475
152 150 7072
7 0 4472
1210 1043 1862
480 583 6199
1205 185 3052
303 1068 3565
672 1267 7191
1475 1314 6084
1292 1253 6508
664 866 5080
1100 851 7600
1391 272 1426
1088 1227 6211
862 503 2073
450 1042 7680
748 826 2634
984 1210 6616
223 434 2759
95 826 1763
942 331 6229
804 202 5756
1439 1141 6766
597 1186 3035
777 213 562
703 129 8800
703 794 8643
418 1120 9235
407 1443 4902
92 423 2048
1208 220 6038
538 359 4034
152 953 2884
1367 168 7973
965 764 4436
1471 272 655
688 1098 1366
27 1009 2
765 1094 2734
242 101 4552
575 653 6827
1032 1401 5944
265 1327 2652
735 76 8848
980 133 9472
884 789 1547
1043 786 2988
1160 223 3915
192 120 9445
110 890 7634
418 1481 9685
986 1438 8619
1338 1468 8953
18 1057 1865
444 615 8301
41 385 2860
1289 323 2459
269 1197 8706
716 464 2614
805 137 3982
591 360 1280
557 1336 2211
1250 552 6818
1213 1169 4256
605 265 7527
687 960 9210
309 619 1152
1374 656 3336
1317 533 3595
504 1499 2285
420 780 3385
957 1467 1293
640 64 130
691 1450 8863
730 1405 312
1095 384 5431
599 61 1550
1119 491 8781
1467 1084 3151
1275 293 8894
572 1142 7444
118 1170 9975
935 704 1003
1242 997 4706
273 1313 6157
964 202 8376
103 1160 515
437 123 7280
131 989 2814
392 185 6730
624 1462 6732
1227 1230 7750
247 293 2605
1487 1202 2063
1034 822 2296
1003 1186 3519
429 69 1288
746 1366 8161
1292 749 2761
701 668 7511
692 461 8008
826 690 8568
663 704 1402
417 802 9825
151 73 4361
1081 160 2128
1054 602 8256
751 706 9424
1346 528 6747
296 457 3247
510 302 9143
939 905 8903
1059 640 8888
187 1447 1555
839 1483 2525
621 466 531
783 1468 502
1187 1298 6247
1084 1125 9331
622 374 6474
84 1173 1169
1167 729 9465
145 1246 6181
1413 215 9641
989 828 8016
91 779 7319
550 347 3951
1316 307 3972
361 703 6467
1448 810 5965
1264 43 8416
783 1195 8745
13 1204 2476
992 1124 2928
909 650 1359
304 1240 2247
805 926 2159
174 541 885
527 607 8900
1230 688 5976
1342 33 9504
683 54 4129
164 675 6858
1408 1383 6027
760 837 6797
186 1029 8450
792 1068 9040
62 137 7581
833 157 8619
1125 328 592
991 963 6712
53 1227 1800
809 180 4214
842 200 2749
1071 892 8522
277 129 3672
1323 384 562
169 426 6664
574 1480 6893
756 1249 8565
144 1083 4936
824 912 3714
1239 807 2605
1244 708 2852
183 308 9078
1315 504 4289
761 630 1340
194 86 847
917 575 6549
159 1119 1019
1334 252 80
388 908 5664
929 694 4483
234 657 9259
111 1084 1786
161 133 3583
1416 1041 8674
212 609 1581
81 46 5235
127 1448 948
29 1290 2342
1409 1108 9792
150 397 3726
316 644 9075
666 822 9806
1363 924 4985
546 911 115
1124 1250 7970
1182 1399 9542
676 356 3996
638 1354 2789
355 1405 396
68 326 9193
1213 644 5236
793 197 884
901 314 361
1217 566 6949
1119 792 6191
1347 812 7436
1403 1356 3073
659 1438 1518
518 1409 4446
813 1493 3551
808 714 9979
1147 396 62
1464 494 8305
53 768 959
1449 594 7795
1259 421 397
790 1025 3995
451 821 420
863 366 1150
838 604 6217
1338 1410 1260
1440 212 2816
283 1470 5865
94 834 4278
516 160 3405
121 1464 3310
188 201 6301
485 1232 4147
603 742 881
166 685 8789
2 154 6056
388 824 8213
554 26 5620
499 997 4423
1140 536 2544
1480 803 3353
889 831 4353
474 104 1522
282 965 6739
974 954 1026
747 194 3533
81 1127 2304
735 1048 8429
1039 1080 1240
1251 498 3040
814 51 7403
497 1349 4908
1260 1176 1000
414 840 4028
214 671 1072
1082 1198 2034
1100 227 8165
444 971 2470
507 1028 1079
646 42 2965
20 1067 8975
1185 1120 6528
311 334 3419
1472 1263 2959
45 942 8895
90 540 8272
374 717 6517
1419 573 2412
1089 971 460
1146 880 3583
461 722 88
179 885 4296
646 705 58
111 374 1732
789 1259 3190
1135 579 6003
881 772 4768
797 1401 1206
20 1032 6146
924 1086 6168
1243 1480 9829
950 1031 7063
1160 1290 8826
273 294 3979
1304 337 7401
887 769 7759
114 202 9726
7 1199 9360
1340 872 8567
631 164 3712
110 74 8141
909 46 852
730 204 7186
894 967 3653
722 950 6608
833 1054 6426
1459 864 2725
1371 326 4328
1069 194 4629
384 1193 5103
1283 565 6606
870 73 6551
876 106 2808
1456 706 2825
810 156 7906
421 1215 5400
11 1390 83
736 1149 897
1158 59 3795
351 1440 4523
88 1179 5373
135 79 5565
154 1343 1463
312 345 2982
1392 229 5287
1250 909 7396
1404 1276 4268
958 523 1095
1027 508 2946
1341 630 3798
286 1438 4688
132 586 7680
1393 174 8555
1212 618 106
76 801 4170
1240 99 7154
487 385 7276
1000 1041 9052
1051 450 2256
973 1149 1365
1308 148 6799
994 514 4914
1020 251 6610
1405 365 1773
479 753 5351
1244 361 7662
328 986 5301
85 930 2650
1260 605 5637
1488 178 8320
904 1185 4159
109 546 1936
646 401 6566
1261 1335 7849
1103 276 5616
92 478 4378
1153 530 3063
725 1206 5537
582 1339 6786
853 442 3137
972 853 7056
623 410 148
609 622 4457
891 545 491
1058 847 9065
506 10 5805
31 33 8613
1183 1225 7177
1003 1043 8177
537 255 6659
1413 1094 3079
839 1307 3269
1092 1123 4667
1347 797 6001
1029 1275 6401
149 466 5000
728 1343 4552
232 1060 2354
119 1414 9694
887 980 9596
882 1471 3099
1316 688 4665
420 1351 1640
492 532 9783
336 265 8621
392 110 685
1165 24 7496
416 49 2175
1420 1388 7928
167 1384 972
564 1216 9725
417 883 2210
450 388 1193
1230 1076 3263
808 1189 6084
391 951 3257
457 291 5969
1099 336 1765
862 671 8656
1116 757 8113
631 141 2400
112 1362 5537
1393 245 6579
334 87 2704
1187 1142 1323
435 2 9699
1361 1198 9062
1435 597 243
843 234 517
972 1262 6614
10 868 676
716 668 5534
1216 1108 7094
1039 1078 3316
591 348 5661
414 52 4961
1443 812 1732
838 935 2719
666 746 4138
610 178 4840
1102 1141 9333
754 1248 5803
1240 4 6675
382 1327 5206
612 497 6332
677 976 3419
1019 1068 104
854 354 8411
164 663 1806
658 878 643
310 554 479
532 989 1333
1061 315 3581
1188 652 8648
2 1475 6689
1414 597 2510
1070 24 6374
1130 1281 6790
290 1020 1083
1012 970 9009
1328 1033 2863
31 575 1614
920 1268 4954
531 1060 2477
897 361 2848
332 1191 6330
793 428 9700
775 1487 6944
1249 1042 8911
1494 1367 14
480 1478 12
942 1413 7167
383 1194 526
621 799 8789
12 282 2051
1060 124 3571
38 1249 1287
116 1363 5587
353 849 6693
218 78 5830
1332 1481 1739
269 0 1840
668 153 284
518 790 2115
500 1277 980
358 1450 2252
963 806 8814
1361 815 635
437 1362 4744
158 793 1895
234 311 8836
926 392 7737
1145 1158 9681
412 1074 4230
482 1203 1343
1338 1082 4007
1351 273 2751
1220 441 868
574 1299 2444
259 640 9553
559 1410 2755
605 816 5451
1144 340 3857
130 998 4662
1117 556 3918
56 560 8659
1233 816 795
1282 1409 676
925 1075 1239
703 804 2844
160 763 9697
1332 677 1179
21 75 8994
414 937 7401
1354 238 6377
268 23 1207
708 1492 7917
602 577 1196
255 158 7547
915 420 108
228 1302 5651
507 55 5348
467 607 891
608 1379 1511
514 1063 316
1375 319 1714
800 542 3221
641 1351 7224
561 900 975
554 1158 8896
264 789 5787
999 1011 4213
251 44 1005
166 1180 3888
60 1321 9082
1022 1394 8859
1358 414 2846
323 115 9465
910 1447 4230
1316 321 5409
337 903 8052
400 250 6675
747 948 1324
1076 1331 7635
1024 618 7087
768 845 7415
1420 689 4924
739 1386 4519
798 98 2713
342 833 1532
1124 1275 5802
288 820 5168
1014 1097 5352
874 470 6046
1412 16 7415
1390 597 4097
470 212 1143
930 1444 9793
1329 474 5704
1206 1203 1642
257 331 651
602 280 129
790 684 7160
132 696 6599
165 587 8798
1261 1404 5035
590 1073 4059
741 691 469
1017 615 2966
472 862 7347
860 1233 681
343 561 4222
825 151 5667
1141 102 1162
90 177 875
1393 624 2393
1317 348 9260
551 671 6871
53 314 6833
848 595 8841
284 1160 1162
1038 1087 3817
592 465 9667
1026 839 446
4 562 9989
1445 67 1653
431 1085 8071
1318 1278 7145
1231 801 231
198 1383 5748
681 1402 6306
1279 62 6077
15 154 183
221 279 4880
1456 641 8751
72 630 3185
804 880 2121
725 979 9550
726 1208 7868
1043 35 5298
904 434 1869
389 533 6725
829 285 8418
948 87 525
805 1143 3956
1206 707 7680
1239 959 9371
1063 158 5923
209 148 3938
1406 225 9534
249 555 3032
718 1003 7029
1178 266 7087
1235 1242 8390
991 761 5920
1107 585 1807
383 1138 2800
405 341 7845
1059 59 9601
556 139 8724
1458 145 3688
1026 1348 2954
773 1065 1840
90 274 3526
340 1179 8262
1332 219 8189
1490 561 5639
530 470 5810
203 1191 9748
904 459 6430
696 407 2104
115 65 9391
578 366 4818
197 1161 4093
935 205 8197
1240 911 1299
1068 132 5265
614 1434 7777
613 1418 5278
998 1405 4930
997 234 5445
1468 1117 626
698 95 1622
796 1025 5513
1190 994 7752
685 1246 8924
1411 1041 2702
47 1480 6798
1026 981 1137
3 1247 4401
1331 1268 5787
627 812 5051
1047 953 6691
388 746 1808
740 670 8000
516 291 7884
712 1418 6554
317 1402 6307
496 616 8185
709 1166 6724
1066 526 5469
586 498 8190
1047 1087 4591
484 249 34
227 1255 1976
1191 660 4704
679 1001 2787
1382 1038 6731
541 683 6952
190 580 8162
692 239 842
1210 367 1030
937 1034 7607
228 323 1227
50 901 4715
1371 1370 938
489 435 1156
899 1013 3452
186 837 5569
1366 574 8353
1400 1206 5362
500 108 7603
149 564 5555
1135 844 5818
276 1112 2082
783 700 2265
1299 866 1046
945 1250 8003
659 6 9057
489 1303 4288
754 1287 8958
471 1207 9902
47 1386 1059
17 513 5628
253 790 608
220 256 7349
1490 856 3372
1499 320 4442
1021 1031 7994
906 682 7271
1495 983 3105
780 5 6198
332 1012 9266
196 404 7523
255 576 4238
505 10
803 479
311 1488
821 82
683 301
804 695
627 798
903 1229
660 1143
231 717
961 1124
708 542
476 1265
57 1269
251 653
1091 352
262 930
101 1256
242 1387
310 1159
