1000 5000
49 164 7193
21 16 1885
588 171 1141
425 505 8571
371 979 8598
962 678 3847
233 751 2125
281 258 7800
242 417 3687
936 216 5283
688 926 8246
274 531 2582
710 469 3102
112 300 48
383 181 656
625 575 5254
936 291 7056
961 44 208
45 696 1678
109 487 4546
598 489 156
645 226 214
403 802 2193
394 815 9153
895 0 6227
522 11 5234
381 309 9442
220 440 6825
70 572 1314
386 175 8746
486 305 4871
355 56 5229
83 209 3122
493 71 3980
599 801 8102
959 24 2573
99 487 6010
772 188 21
965 582 8698
946 269 1362
519 426 4190
654 425 9302
162 277 8430
16 721 2703
355 191 5249
765 260 6044
706 410 7773
775 587 6298
568 413 6220
564 854 1442
404 700 5365
397 977 9816
367 57 8710
157 973 4328
489 352 7490
119 667 3226
618 991 845
29 941 2826
571 714 2087
298 719 8799
919 185 4541
114 142 2853
813 579 7305
462 701 202
606 975 431
891 707 5220
809 104 2988
453 79 8386
344 475 6479
47 160 2996
705 55 7597
943 394 8758
418 647 6811
473 896 8769
91 961 4758
26 541 8760
623 770 3582
897 903 1263
251 254 5614
329 357 8862
699 325 6979
656 409 6740
903 147 9473
761 235 7023
685 511 5858
422 223 2453
584 226 9533
807 132 742
528 247 4254
770 506 9932
670 780 1207
892 691 7791
90 351 1992
513 686 8375
378 658 6486
835 986 8549
790 884 3019
503 307 6704
465 273 1917
632 150 7335
293 317 2624
388 604 8745
668 11 737
579 581 6892
483 810 6758
876 261 3018
901 128 3272
906 894 9677
364 992 1032
385 249 5163
782 564 2640
900 328 938
756 882 6456
641 856 207
224 485 9753
276 921 9073
24 458 7442
669 443 619
773 191 7447
267 781 6576
815 167 8728
84 545 3283
21 422 5195
556 333 3672
640 60 8561
274 663 8031
916 630 4953
57 818 7054
169 595 706
908 973 6118
807 77 8183
611 762 8054
68 248 4518
5 369 7383
647 284 9686
255 949 5632
628 463 7502
301 924 7236
497 150 4030
166 563 4482
67 297 3240
997 823 4933
705 621 6745
321 954 1211
560 415 2741
598 988 1596
452 591 374
562 965 3933
86 811 1078
210 60 7023
835 132 1176
117 658 4385
715 261 5047
622 504 6771
344 231 3186
303 331 2407
211 4 302
726 257 7097
239 390 9752
809 821 4306
398 885 3126
487 546 2130
592 15 2528
652 124 6903
728 962 7952
861 131 7752
98 359 1061
379 460 3887
728 377 9751
747 676 2018
679 787 1319
904 503 664
901 730 9749
750 662 1233
3 775 4851
406 514 7633
336 215 5172
537 693 1877
143 241 3248
277 370 9936
82 441 5462
417 903 9018
320 376 4138
943 409 6270
84 603 6128
84 788 9429
866 872 2123
820 479 9352
115 847 8433
222 617 9955
505 469 7597
974 969 7504
961 898 5688
394 525 761
705 968 5844
32 725 7693
762 381 2454
532 35 4901
511 6 1698
122 115 1838
282 728 1726
179 226 4091
740 632 5041
260 25 6222
462 361 6440
401 685 5545
594 596 3
925 799 7550
334 199 5019
445 502 3605
931 626 556
738 534 3974
988 312 2896
161 477 6361
412 68 749
259 235 3168
724 557 4937
463 65 8753
916 474 7455
64 499 6718
181 10 7998
104 17 6738
188 28 5873
212 986 818
989 901 2003
319 736 8098
598 104 8616
618 385 2094
165 503 4721
258 552 1006
163 46 296
567 967 4698
600 865 4348
799 918 2101
539 730 4640
73 570 3134
203 795 6673
602 783 4708
563 746 4074
68 574 5846
909 543 2998
943 917 1524
170 899 7441
345 301 1358
919 293 6450
695 580 3313
94 147 2732
324 784 4162
861 817 9517
489 84 6268
723 512 9813
774 663 1545
661 384 7385
131 614 9339
849 279 3741
276 549 3087
64 342 4337
279 624 4098
228 195 12
393 457 7923
161 383 9373
751 363 458
901 988 9922
452 948 9261
823 706 3922
150 636 8056
183 230 618
289 21 9256
914 825 7048
855 182 5912
967 947 4170
904 242 2435
671 265 2920
725 269 5739
494 656 693
923 929 4331
171 480 788
232 316 3312
395 959 1543
124 187 3385
828 144 9937
688 834 1870
988 666 4460
290 26 1136
287 831 9842
707 932 3119
369 264 1448
701 148 2074
306 389 7384
79 646 8104
742 296 8420
95 337 9288
243 330 7536
703 670 9246
376 260 4990
987 700 6
761 438 4996
50 230 4595
241 945 1875
926 951 6628
215 63 5795
991 298 5005
590 139 9944
879 98 1943
846 531 8328
296 869 5991
828 531 6852
39 731 9763
172 836 6226
966 270 9804
422 506 5417
992 407 4727
402 799 7641
981 213 3288
831 235 527
375 308 3404
315 898 6323
124 882 5624
674 580 5312
331 571 7183
509 587 3640
6 410 2391
351 120 3802
567 18 8866
82 320 3070
107 100 4513
987 1 9173
789 558 258
622 97 4311
764 215 6927
972 887 9559
407 490 9647
134 783 2014
810 248 7531
426 268 6459
561 912 8183
42 858 2404
493 898 2675
560 375 6466
99 10 9335
113 848 9138
881 170 4123
425 192 8372
996 862 2378
116 595 6690
610 421 6233
424 680 3752
417 343 225
979 179 2480
292 436 3563
605 73 7777
430 709 1156
881 961 2393
517 643 7911
536 739 5885
844 285 2806
618 725 5486
958 207 5517
174 210 9375
912 349 7285
932 472 9603
669 646 3666
435 699 4036
542 396 1852
970 252 6625
725 163 6418
354 63 9184
187 210 5397
582 565 2787
208 858 5598
950 157 6107
633 804 5949
79 328 6745
507 716 9233
294 244 2677
611 654 3489
873 603 2464
115 573 2008
944 763 1769
333 791 7466
645 228 3807
314 170 9735
643 336 4931
818 938 4708
395 454 5932
501 451 751
169 56 3470
407 318 3146
779 363 4674
33 284 5410
435 403 4286
321 302 9720
57 678 5529
389 443 6714
446 956 1907
10 438 2482
416 62 7592
923 411 4314
731 610 1492
452 449 7791
840 857 3255
271 349 6242
853 19 263
954 538 8201
383 104 3237
846 630 9691
157 514 4754
712 804 2029
222 768 6266
997 234 1896
216 397 8462
239 86 1223
681 811 293
413 404 626
288 363 6019
681 515 7378
395 996 8471
739 346 8328
501 87 8224
534 127 5456
74 147 3833
201 703 747
657 243 9259
660 610 8949
722 788 1188
634 677 7596
575 877 4217
614 386 274
100 414 2774
636 761 4081
478 524 6720
893 693 1109
416 547 1510
999 877 9513
711 443 7957
239 759 7322
590 922 83
747 729 9991
100 480 2771
796 853 3902
571 414 1902
94 959 2208
624 342 9854
742 738 446
581 31 4137
112 986 4152
364 697 8908
406 560 5472
138 181 7168
292 540 6801
529 933 4792
956 701 7034
888 498 9893
718 289 8803
562 810 4545
730 393 503
54 190 3649
48 542 8287
585 538 1862
582 922 320
337 40 2582
735 925 8110
766 928 7723
707 36 6597
368 367 11
761 62 629
614 236 6468
551 641 9562
79 960 3377
88 428 8113
658 935 6749
792 656 9523
257 336 1546
207 210 3664
637 723 4038
972 230 9953
581 226 6784
88 931 3783
748 762 8202
602 782 7210
34 788 6466
486 461 4811
278 702 1509
855 497 2319
323 325 1737
368 784 8530
935 880 8476
94 14 8941
739 876 5852
503 895 6110
543 130 9811
410 344 7201
218 817 7637
719 195 5751
763 962 9987
765 560 9376
99 391 9393
271 254 5008
894 274 9070
108 963 835
258 843 7730
338 22 4971
936 984 7662
789 645 3822
232 918 2341
445 987 1346
865 109 9749
990 10 6353
434 460 1332
179 789 25
510 595 6729
90 724 2093
61 628 9249
246 42 9717
343 270 3266
941 896 5726
751 111 2572
16 350 9460
701 462 8437
761 199 7404
826 275 184
160 763 3442
441 381 89
517 93 3291
432 527 4006
211 687 3073
323 461 3602
720 29 7448
586 498 564
390 918 6331
433 897 1755
884 490 3605
743 782 2706
715 210 9133
300 928 5744
827 306 595
425 146 8235
977 904 1667
27 938 4029
170 159 4785
69 697 7421
822 779 5204
411 555 7534
696 864 3989
585 87 850
199 774 8062
5 79 6050
359 157 8161
756 734 8043
752 782 2495
925 414 2579
839 852 9079
663 349 4236
284 543 3361
649 178 9197
644 463 4811
882 507 3087
556 438 5151
33 325 2522
376 927 6373
602 318 3372
905 47 6475
228 36 1440
609 756 9373
988 866 7511
200 973 142
24 955 9146
526 135 2112
909 892 6702
432 912 6405
217 161 1420
114 134 7226
741 127 5998
57 569 9754
531 645 9970
764 51 7671
952 306 3983
239 591 8813
607 18 4553
935 961 130
131 708 9955
983 100 4300
147 369 2416
618 294 9381
512 9 9936
390 596 6659
270 167 9998
791 808 144
351 362 189
355 474 1586
381 258 9309
950 325 2567
350 483 9325
834 814 7974
788 96 4501
140 853 2380
813 119 6378
268 260 9508
825 264 4376
744 75 7833
130 24 1388
54 205 5861
472 501 5960
40 427 2039
181 169 7005
743 269 1708
568 298 9073
265 273 9374
893 50 8045
601 705 1585
108 261 6181
356 980 3810
551 748 5712
884 751 8857
637 348 8274
424 815 2796
39 401 8478
402 288 2276
790 311 332
670 912 9400
454 532 1707
459 546 1210
156 499 5888
364 96 6127
310 555 1063
849 773 6473
103 23 7440
992 216 3112
584 440 7344
885 16 5132
349 331 1237
155 564 9586
847 330 1530
442 925 6379
869 547 2812
781 233 187
697 248 6865
929 60 21
442 506 8846
70 932 8929
797 279 6558
232 185 4235
967 743 2750
34 228 5781
520 538 3098
331 514 1930
920 529 2529
452 142 9565
467 235 4865
642 316 2383
221 947 3266
205 296 5503
894 255 2899
342 417 1255
111 936 6201
434 529 4686
903 182 4151
328 826 7069
861 376 62
172 109 6499
271 942 7431
675 480 9779
578 239 6410
574 700 3837
555 635 3275
572 624 1150
97 263 2175
368 192 1536
342 818 1729
484 700 2354
882 880 3718
714 863 5138
230 110 9595
121 655 2838
659 318 2932
719 284 1855
791 31 8591
805 90 4725
980 414 664
69 37 3540
247 666 8569
744 93 8561
44 822 9127
365 696 8537
536 956 7487
138 609 1571
950 684 5247
713 94 7529
325 857 4300
67 610 5380
55 49 3816
768 765 3201
763 958 2475
865 634 7411
479 674 3159
704 111 2095
259 913 7720
403 698 987
324 516 6033
753 354 8459
893 32 2565
56 486 1560
774 673 7063
184 402 6476
511 331 3259
516 654 2509
134 471 3591
438 998 6701
396 351 3503
126 855 827
191 827 780
638 775 5052
980 597 3268
230 740 6226
226 655 9925
431 786 4969
7 217 3227
141 188 7506
800 456 9532
415 893 1136
703 665 7218
895 760 1346
236 733 3392
973 917 7088
727 628 7239
200 984 8191
45 56 4619
435 978 6846
882 914 2054
47 57 607
201 288 5701
948 447 6146
749 820 5281
382 201 4077
823 969 8184
887 158 5061
192 907 4074
430 156 7027
212 778 7484
557 995 5122
442 687 481
492 779 8672
617 227 7450
126 435 9747
210 51 7545
198 385 5276
564 622 3086
585 893 7156
251 559 4366
194 968 3631
442 829 8499
821 365 5818
776 281 3145
85 357 5999
137 522 4877
991 147 604
596 707 3681
102 547 5714
99 452 869
530 907 8499
326 92 7222
76 270 2296
726 935 9577
546 201 3072
648 430 8643
382 942 3919
678 323 4584
915 62 2126
433 905 6219
839 367 3678
661 679 821
216 549 6215
88 588 6566
657 571 7872
716 598 9510
329 580 1582
670 488 7423
29 14 3538
37 594 9894
505 366 3113
714 524 7368
558 112 623
650 184 9511
734 397 3919
523 297 143
787 570 4847
525 941 5538
869 316 8006
572 504 4805
58 784 5566
836 184 7906
725 348 3353
613 648 4763
634 151 8104
451 322 2073
200 882 939
109 913 4177
791 465 4982
640 920 155
930 81 2346
311 56 3390
163 597 6134
622 171 2340
380 622 7820
807 464 6779
960 682 8409
683 723 7728
826 395 170
609 331 801
205 137 5505
619 57 6812
565 994 8897
66 194 9366
934 922 9059
656 929 6609
205 261 7645
213 451 4316
465 133 1690
642 19 5818
644 500 8554
114 414 4060
260 795 691
855 558 4209
411 715 8934
339 636 9165
843 671 9376
825 989 9673
484 463 1762
274 22 3408
433 974 3151
984 836 4659
372 255 3660
119 557 5314
45 405 1045
54 73 8755
304 150 339
471 396 2456
278 907 6201
752 456 6435
384 474 2592
679 712 6082
701 543 8472
758 349 3246
751 949 8690
81 217 5844
655 125 3057
559 586 3315
621 822 3275
861 886 2626
388 697 233
452 496 7370
493 428 5053
204 575 8209
595 956 2937
403 529 4202
880 717 2626
693 470 5797
571 867 7011
242 108 1383
847 165 9211
992 204 4289
177 722 6124
297 363 5297
709 378 3165
279 792 8905
192 979 1133
660 209 9807
848 339 7100
580 354 9885
360 475 4058
585 108 5587
628 711 9600
474 180 8690
455 235 9110
610 451 3743
900 620 9059
568 59 5509
605 744 9546
454 610 99
720 730 9015
196 415 7835
114 4 1007
970 806 6442
684 365 2762
754 314 1491
27 935 6569
826 466 226
776 807 3082
365 572 6711
443 909 520
567 128 9284
466 541 3490
385 745 642
351 212 156
303 498 5015
827 102 9649
73 735 9749
451 694 4314
994 644 6370
279 37 1296
207 176 6304
40 58 5952
98 400 4080
173 693 5099
578 955 6283
425 110 8880
105 366 5488
658 385 1966
672 285 6071
9 585 759
719 10 3236
952 201 2430
400 714 6577
16 974 6176
862 289 80
119 32 7948
349 720 3570
534 235 7984
961 965 9697
903 936 7467
932 200 6821
985 637 9540
575 204 3526
250 129 1764
486 117 4010
625 337 9161
366 206 7988
297 817 8628
707 223 9219
693 392 4674
202 128 8606
383 752 1484
596 244 2172
130 231 932
102 172 7060
961 767 7672
143 112 8551
996 134 2890
270 882 8874
933 101 6011
953 282 5124
578 921 283
859 91 1927
713 841 1273
524 807 7077
932 314 220
588 863 8923
608 603 734
588 717 883
764 309 982
580 879 8258
399 486 1978
490 502 4058
428 990 8207
739 239 6440
955 643 2425
35 703 7310
84 873 2463
523 282 3812
367 415 8675
123 443 2010
528 539 7262
720 765 3415
820 438 5353
889 423 4507
596 627 4888
190 838 6553
348 160 8746
492 143 1140
337 654 6876
32 838 4636
541 145 6522
923 651 3556
698 351 7856
862 99 2870
757 503 1231
853 756 6747
734 164 2114
606 638 255
206 755 8615
134 310 6889
411 682 21
828 11 5450
671 666 1400
599 761 9216
446 709 7852
818 399 953
933 729 4815
949 329 8760
258 628 9477
130 338 3374
852 966 4394
192 342 5063
279 740 2538
186 266 8587
780 485 2147
561 735 1152
534 418 829
994 109 747
776 892 6579
286 179 6386
4 241 2251
661 915 5519
476 491 1057
589 601 4267
432 658 4968
603 395 4576
969 649 757
868 820 4798
160 976 2800
696 867 4878
584 399 2868
416 149 4779
813 256 8402
445 986 1515
675 885 96
509 381 5723
543 331 4832
385 679 3648
996 488 2700
998 771 4671
960 299 1243
159 108 6972
829 741 5516
299 895 3560
999 181 6834
240 154 669
855 281 4505
279 879 2771
18 902 8210
687 989 4408
431 758 4820
287 678 8702
109 86 7943
193 627 7049
608 876 8380
762 393 8308
278 45 2620
485 217 7079
632 585 1521
799 593 9452
744 955 5292
142 27 9389
956 299 2716
648 337 3335
431 641 6558
767 895 3130
492 326 1091
277 687 7735
451 756 7501
363 752 4289
830 254 1918
267 800 4629
678 588 8413
498 486 774
525 663 9221
865 585 3907
756 541 4610
538 381 2723
731 291 5337
728 869 1746
965 661 7926
586 836 639
594 205 2523
951 404 863
836 58 5926
242 258 9313
762 914 5673
909 665 7865
508 351 9435
959 168 9665
642 239 5586
783 828 114
942 276 668
342 810 5902
664 945 7685
893 551 7416
676 149 5466
66 452 2404
794 636 8433
931 790 3379
163 423 3068
415 782 4011
717 265 7613
808 855 1953
774 651 574
981 643 9684
860 491 8956
101 90 3452
786 202 6689
143 895 4019
564 677 8575
939 597 2615
733 170 2500
348 271 848
509 891 275
170 785 301
837 630 1266
860 451 9655
450 821 7221
275 335 5383
227 446 3535
838 896 5127
626 150 4028
36 897 5336
870 340 1988
451 700 4108
50 403 3046
554 623 1964
593 616 6119
328 95 9216
689 559 5509
335 326 5841
341 674 5985
664 421 2231
30 195 8553
71 714 9405
128 521 6187
888 84 3309
40 247 8774
978 659 9314
696 502 231
699 140 4023
602 415 1615
678 544 6339
635 559 4665
991 659 1414
193 843 3507
148 298 9461
230 554 2497
812 202 3544
283 246 3005
180 440 762
420 846 4701
579 494 9731
568 166 5646
697 903 6223
863 124 7994
646 902 7906
857 236 719
502 256 6938
42 595 7964
838 748 7516
727 877 1655
485 865 7367
559 698 3574
765 255 9886
247 296 3006
705 154 25
86 402 9538
936 814 6646
932 207 6949
889 308 560
955 287 2184
296 694 8085
489 511 5907
300 318 6230
131 207 8680
387 489 6599
864 368 6468
208 411 2731
616 708 2409
43 513 8038
555 70 178
341 531 9550
247 198 5902
19 166 476
923 806 68
593 706 2906
701 496 6076
320 683 3630
596 602 7748
343 670 9569
599 440 6023
605 436 178
793 304 1110
215 868 1805
788 45 2300
954 275 2741
858 313 6742
348 841 6242
550 640 2295
850 110 4659
519 128 487
347 904 2299
492 626 3130
19 692 7736
197 340 4263
348 957 4109
188 927 5386
925 900 3664
329 227 3212
467 318 1685
396 468 4027
841 691 1053
153 339 7411
205 602 1946
448 668 1362
432 982 7862
79 423 3525
191 988 6516
928 637 7516
438 630 3242
901 398 1825
190 808 3528
682 646 7584
421 236 4567
287 291 7379
130 324 4614
792 714 4865
392 810 1412
761 964 383
361 106 9815
654 785 4059
136 45 6984
649 346 5591
445 557 1281
900 87 4051
319 717 4117
263 596 5149
410 731 910
962 952 5235
406 183 2113
63 20 1039
39 26 929
176 674 649
753 304 2271
27 346 5719
373 892 928
537 357 867
40 102 6243
738 574 5999
271 100 4506
564 57 26
727 449 6683
296 96 8531
362 18 9110
924 986 2312
131 741 149
6 866 3409
142 583 3238
174 462 7122
717 452 6113
854 169 4086
454 460 3881
521 245 2317
313 609 2600
745 443 7834
190 908 5268
596 331 1086
948 941 9211
439 52 7637
915 168 3128
942 526 5847
855 987 5584
523 757 1231
132 479 5411
394 858 5835
310 285 8537
319 543 4406
971 536 490
185 982 1474
264 798 2113
717 524 4496
485 766 5607
456 21 9186
557 673 9991
956 617 820
612 173 8027
601 957 3737
395 472 3226
433 770 942
912 554 7350
383 564 4035
213 552 9022
876 494 937
213 836 4079
513 655 3394
667 611 891
150 649 3448
973 933 3966
774 626 4291
92 317 2477
33 72 825
429 334 9995
496 824 1725
502 707 8588
531 221 1664
700 485 9232
587 545 2610
286 182 7367
574 874 6716
109 335 7360
916 208 1544
898 992 3747
802 567 930
142 111 1084
400 769 7975
246 557 2026
676 589 6366
255 812 7686
419 458 2422
866 397 9998
139 881 5001
227 128 2077
314 829 624
967 370 9559
372 200 8355
827 40 6478
323 928 6196
19 368 1917
833 294 9374
804 496 8964
960 969 8690
910 105 2739
900 62 57
499 455 8308
489 301 4121
640 582 9721
21 369 4657
881 228 8350
975 576 576
92 912 5182
394 861 9496
373 946 9622
593 29 1465
843 994 6157
403 627 2501
109 701 5130
737 427 5124
170 634 8147
35 642 3777
667 63 6773
106 587 3495
902 239 9811
11 691 7383
684 789 7913
439 428 8762
667 316 3825
46 606 5244
985 270 6101
952 545 8057
491 708 7045
459 180 7736
434 367 7074
267 496 4963
889 959 5857
343 19 8301
205 416 6542
534 169 516
941 25 757
950 745 9740
337 577 3884
936 475 529
702 338 142
528 44 3612
203 90 3430
424 236 5145
717 516 4187
407 839 3280
420 557 4495
215 254 7732
268 84 7709
5 693 401
238 398 7165
80 900 4946
888 931 3564
21 20 1960
15 417 4961
839 506 6106
716 947 4343
644 442 9978
386 272 4350
513 178 6015
620 287 6861
95 47 940
384 395 4675
833 137 2392
961 226 2841
265 756 5397
63 99 9828
255 71 7961
213 212 542
913 487 129
897 186 1976
358 355 2190
188 995 2522
785 806 3277
849 608 4081
209 387 3645
155 819 7558
109 301 1039
782 305 7149
499 650 1308
477 687 1012
849 450 5855
997 110 8875
249 822 867
53 725 6185
198 72 4056
928 275 6021
946 356 1074
64 368 2879
905 930 7060
110 831 999
385 171 4149
866 99 6339
351 940 6076
256 235 7599
389 320 4428
227 828 4653
449 387 4318
260 493 314
833 716 6583
178 263 9761
421 378 834
763 547 3418
9 698 7314
102 815 3774
499 889 4699
814 122 5578
122 342 3975
40 320 1707
909 41 8347
988 640 2814
727 610 3493
554 352 2119
319 686 4338
303 440 3555
622 539 4553
575 891 3216
749 115 5370
30 738 8505
617 244 573
41 652 3358
663 415 9077
769 615 9523
796 441 812
568 226 6675
772 278 7788
194 298 416
597 190 3828
804 641 5614
999 441 3026
440 969 7565
487 861 4342
18 818 1750
69 48 3191
476 584 2266
245 874 874
997 494 4423
298 673 4437
328 979 3575
307 496 8158
44 420 7798
880 262 3928
362 163 1242
912 512 498
221 736 4304
122 736 5885
866 642 7305
609 109 2056
126 872 8131
621 198 892
17 376 3391
680 11 9238
830 569 2798
613 852 7164
456 360 2850
778 461 3366
785 51 2982
562 157 7933
18 551 2380
121 463 6002
604 551 3442
943 447 8135
113 552 7129
4 866 2825
789 793 8656
101 234 5562
152 42 6695
264 832 1376
129 64 1451
597 746 3535
233 599 5757
360 207 2111
178 832 188
892 239 4532
993 672 7226
996 415 2079
45 983 6533
310 191 102
836 74 1955
798 223 2004
489 240 2939
353 523 7643
678 4 4587
415 934 2594
871 318 5243
308 422 2932
748 404 8098
516 685 7066
254 930 6434
502 56 3743
716 717 2098
678 205 570
730 26 6391
197 496 8157
692 471 99
152 483 7894
207 748 7886
473 490 6410
391 84 451
741 848 2141
946 178 9662
940 430 2686
698 99 5125
58 712 8787
291 96 7344
93 881 5032
914 518 3015
926 673 8334
402 217 3366
631 84 9002
447 724 8156
359 471 4339
793 946 3595
252 610 8605
129 636 9851
533 514 2903
743 245 6538
224 114 9497
257 951 9660
328 920 7133
781 323 6243
226 769 1227
463 594 1616
614 39 7367
317 718 8302
893 831 8477
231 147 1146
120 449 8705
477 597 4123
773 176 9604
89 463 2674
691 36 2269
368 439 7006
87 637 553
433 571 1958
171 907 9562
250 288 7718
240 111 173
86 595 8332
689 367 8044
794 628 8713
817 611 5093
698 965 8816
894 734 8492
189 484 9120
697 586 3199
645 507 9631
420 679 1961
982 652 6183
764 851 2332
427 562 3110
109 228 6496
477 172 295
129 320 812
901 452 4037
907 978 1357
348 267 583
498 518 2169
818 993 9765
156 536 1690
635 536 1249
818 853 6838
408 800 1612
429 682 3285
569 882 4922
329 847 8679
619 984 611
246 709 9894
383 608 2294
102 612 4396
859 942 2146
375 266 202
345 667 5408
373 74 5499
187 746 3390
759 68 286
575 249 3091
558 917 3988
167 767 517
619 492 744
394 860 6355
58 341 9288
786 466 8503
430 825 4164
140 742 4313
609 211 4952
1 532 7537
200 82 9074
529 999 6738
295 534 7857
132 393 122
368 726 5349
440 942 6503
640 614 2014
241 495 2181
574 421 6055
844 34 6214
680 852 2757
468 222 4020
201 161 2395
891 964 4478
942 723 8811
432 277 997
914 329 4302
153 302 7737
532 544 9551
800 398 6155
885 813 4865
233 633 9321
822 225 2653
330 277 3254
469 556 2901
719 56 3298
196 463 8287
682 721 5280
203 502 232
180 167 2153
685 651 4755
529 483 9871
343 179 6884
735 147 5461
787 211 584
663 13 5914
714 305 6606
930 276 9089
341 214 2417
591 650 6971
826 471 8242
437 317 4899
798 211 3116
163 692 986
285 348 3866
611 658 8801
331 948 661
3 678 6064
580 865 3959
979 57 1714
81 259 7068
413 936 3974
842 837 3807
977 279 5331
160 906 4804
681 938 8151
597 712 962
382 368 8448
881 802 2210
513 309 459
897 219 8536
786 895 597
721 421 5340
969 615 5662
265 244 5321
387 659 756
673 894 8918
49 174 1332
15 838 1318
991 686 8836
348 379 8403
174 723 8660
527 916 8353
102 997 7787
699 195 5051
233 905 5769
229 364 7109
537 914 7779
808 349 5209
998 506 3937
146 701 8185
399 438 1283
339 152 8567
494 720 9922
347 442 5572
192 266 4630
973 350 5835
285 920 3762
393 646 9834
862 628 4325
250 54 9298
105 961 5002
647 53 4164
582 907 6820
522 976 1543
611 977 4154
937 191 9179
304 819 8152
603 966 2144
959 893 7668
248 375 7001
315 60 7284
426 2 9336
249 790 7988
754 537 4753
788 941 8971
140 594 1487
389 862 7279
161 80 1676
672 572 9743
470 665 9467
179 335 1036
498 240 5126
430 830 6358
196 232 4745
177 909 1345
434 901 6988
77 374 5419
613 389 9797
896 133 5947
343 416 6623
961 834 8229
783 307 2162
792 222 6123
871 843 6946
767 321 3910
923 92 4742
10 854 7881
505 362 9034
606 348 9454
207 111 6094
878 232 4682
846 257 1726
112 488 4993
811 192 679
946 934 7813
523 738 2797
373 969 8216
654 643 8568
784 858 5060
230 988 1156
170 35 4892
769 806 6430
407 596 541
634 168 4654
268 92 3012
623 702 4388
401 97 450
434 402 5018
539 660 4728
695 157 1382
74 123 7943
96 833 5923
453 822 8750
684 614 5602
140 663 6438
188 415 9483
22 757 8810
7 939 3207
795 152 9600
882 874 473
914 806 7505
321 593 8545
707 976 3502
102 3 5226
760 966 6068
824 142 4141
974 744 2292
368 900 2673
435 167 4868
401 264 3339
878 448 7479
680 96 5454
180 274 41
810 82 3358
801 124 7265
446 975 2306
262 247 8749
705 526 6589
199 229 6895
592 740 5227
578 619 3216
661 229 5583
335 541 5297
411 848 6193
29 261 272
545 779 3462
550 514 8651
903 211 6569
577 10 7116
463 630 4731
680 830 4303
644 589 6319
342 714 9964
979 272 2028
989 844 634
749 779 5827
139 222 5189
137 328 3746
150 307 8219
869 779 1955
169 583 4516
279 840 7429
55 263 3279
558 328 8831
204 541 2932
153 841 1001
865 715 110
305 898 7123
154 919 9246
972 392 1361
993 585 2594
364 956 6045
92 979 6872
78 285 3025
333 631 5555
63 860 1912
393 449 8020
51 443 3101
909 244 9729
284 617 5096
296 45 2463
777 927 1728
381 701 9915
56 786 4067
266 636 4769
127 938 9224
465 192 7933
11 799 6254
19 308 458
132 74 4366
58 422 3395
403 141 8569
300 95 9693
137 222 1925
756 134 8847
437 701 3095
498 656 689
420 637 6857
664 997 5725
66 284 8835
313 198 7601
920 778 4949
470 270 9568
391 868 3151
531 438 5095
466 848 355
716 660 5046
20 664 6942
453 87 8531
360 266 260
36 855 9240
338 851 4448
136 694 2293
966 240 5295
878 101 4784
196 934 4405
144 35 8592
38 939 1074
4 875 4477
427 471 9120
775 137 9496
985 619 1836
197 818 52
595 572 4745
186 900 983
240 967 3509
191 279 4480
599 799 7020
639 623 1012
125 889 5756
827 231 7160
887 923 1774
414 894 179
702 333 1473
201 53 5774
670 935 7279
213 631 1211
838 761 2916
39 383 2732
937 311 9711
0 464 7656
168 258 3166
642 379 1591
436 208 9745
962 248 4745
375 535 3858
61 973 4735
329 861 8104
546 148 710
653 309 8227
303 980 3447
162 86 575
958 632 8633
272 879 1149
857 447 6413
391 253 7074
33 660 1566
505 203 983
583 488 7520
802 609 5951
707 680 9993
586 89 2551
455 553 2293
164 800 8991
674 414 4005
270 291 5628
492 208 5090
709 847 4174
985 991 4423
525 797 7347
61 915 638
486 80 4835
880 523 597
149 868 7745
612 590 4830
788 216 5556
662 316 1341
253 852 8251
185 351 5365
256 925 1311
870 431 938
347 464 7658
545 919 5482
230 396 9235
220 593 7753
523 403 4441
510 596 3675
696 673 7983
797 654 943
982 535 6886
200 675 5540
521 105 7028
436 604 6141
151 398 919
507 429 6256
991 660 4037
243 624 3021
335 630 7293
591 496 7679
238 859 5938
94 36 277
748 734 7192
407 464 5941
571 722 1624
370 68 5757
211 175 2275
84 446 6915
404 471 305
126 488 5842
102 629 5980
428 302 9281
829 931 96
767 611 7717
579 966 9380
841 191 9123
673 77 8099
772 650 3975
807 838 8209
621 906 3938
702 721 7621
375 437 4926
698 925 4746
439 174 3449
126 657 1807
910 696 5616
284 763 5792
486 865 1389
119 719 1937
862 73 3216
852 669 1774
276 903 8784
497 430 2295
655 624 2459
877 665 434
361 792 6448
978 568 4122
687 62 7134
660 87 3737
484 563 7479
889 55 9690
33 821 4857
347 834 9280
409 581 3710
918 789 5698
980 962 9778
997 190 5438
62 107 3681
564 578 4556
988 455 1118
51 496 5498
777 83 6435
359 401 1402
205 810 6412
417 70 7069
695 578 687
566 484 7362
99 870 7716
938 571 8201
301 170 8675
563 807 2407
908 270 4818
640 353 5157
7 516 5552
440 548 5706
406 55 2396
374 797 9971
773 685 2686
141 181 6612
173 768 4367
927 277 3769
420 970 5322
734 632 5026
604 215 9689
209 143 3799
292 328 4728
962 734 1513
550 427 1365
195 188 7999
459 660 4315
463 655 7565
986 276 9505
212 949 4296
975 407 7865
151 479 6851
423 346 9831
565 879 7681
109 110 4771
512 876 9665
32 617 2089
253 325 6897
836 190 7508
460 14 5288
836 471 5697
607 185 5046
19 267 7993
223 599 2752
789 304 1333
673 65 72
491 316 9351
455 734 3882
697 230 3136
15 254 3577
225 66 7710
612 629 2605
120 850 4720
776 629 7557
61 506 8883
73 145 2419
751 217 5666
472 650 2308
320 835 7571
440 989 8567
896 168 5636
315 163 4848
798 629 5283
880 518 1911
740 741 1511
904 980 6701
553 44 8849
489 255 2844
772 103 5323
634 525 5841
88 99 9449
293 863 1010
847 729 4399
268 567 7502
706 436 9871
162 713 4939
169 569 490
738 688 7374
445 760 6589
20 898 4026
629 720 5614
925 771 3729
832 406 4404
668 569 9511
248 67 9642
863 587 8126
436 539 7056
240 31 161
513 769 2747
31 587 6320
918 624 2014
631 329 2734
671 872 4322
692 726 46
858 949 397
396 307 1882
486 243 848
770 382 8506
104 325 4442
448 768 6192
618 944 8339
882 31 2764
128 750 4525
790 811 9388
112 297 1239
205 717 8445
341 951 3822
538 943 9537
376 349 1262
887 446 4186
285 948 1952
510 445 82
205 8 9438
809 906 8525
304 417 148
991 944 1625
114 557 9306
334 480 9678
918 487 1429
969 243 7670
842 819 7866
608 568 4179
640 298 6921
883 690 7614
842 689 5894
801 331 5238
678 173 8077
109 561 8047
825 463 6608
317 791 4290
511 200 9456
767 16 4508
564 430 7114
609 391 1664
586 0 1223
922 265 5221
168 693 2403
120 958 3685
176 387 3937
76 829 6272
554 571 7889
6 48 6726
409 535 8529
864 74 2400
430 171 3096
860 574 7678
300 409 811
612 899 9930
128 67 3781
455 227 148
669 616 9062
847 775 3933
392 802 4634
195 780 3448
593 977 1739
15 44 1065
748 104 7673
662 656 2446
160 210 9790
80 293 9676
654 391 6424
102 734 2142
80 825 4778
98 506 1556
130 26 1799
942 663 3265
339 463 2143
365 884 9841
946 252 6907
106 453 1830
529 353 7759
36 671 9671
238 566 1076
796 481 6325
529 490 6951
640 665 1755
667 336 8096
380 811 1467
39 503 4295
239 377 9915
363 100 1554
919 902 714
827 282 1807
819 72 2996
796 488 7950
846 821 9441
394 837 73
878 227 8181
861 348 131
335 377 5227
572 96 8539
107 834 240
97 261 3352
505 831 368
16 672 7522
628 805 1382
612 278 8074
969 722 2096
351 551 1231
246 930 9432
385 438 7391
896 40 3856
338 292 6249
424 776 7639
466 952 9190
898 6 8822
104 25 7309
100 474 880
381 470 1328
537 338 1819
986 22 9696
460 391 9716
673 846 1670
781 577 1109
982 924 9245
553 71 9303
864 149 6907
100 608 9530
911 688 6549
710 942 7457
290 587 4689
41 619 160
771 842 9169
593 308 6153
751 713 7734
236 674 6034
493 82 9201
816 452 9683
902 248 5197
25 611 8428
62 787 6874
455 431 3199
1 436 324
544 557 4847
608 625 990
778 533 9969
954 673 5735
59 281 8084
609 505 3294
152 849 840
816 338 5302
905 451 2583
719 898 1087
880 487 526
140 396 6995
592 848 7975
783 107 4937
320 296 1076
66 541 8546
163 298 9697
661 476 3998
756 404 3931
351 915 5570
973 483 2262
940 342 6019
741 22 334
994 900 344
837 391 5807
428 425 3765
492 504 2373
663 891 9760
310 366 5618
650 241 3477
311 935 1402
264 784 209
981 855 5624
916 627 9501
49 582 1538
802 145 9886
533 790 6416
39 297 1482
516 888 6539
251 386 5957
349 73 3899
129 298 9118
529 696 1055
508 620 9156
698 86 8759
740 174 5891
67 998 2569
942 251 3519
898 659 1732
61 28 8706
582 42 2162
990 589 5799
888 540 7951
462 482 1787
548 309 5549
414 438 4568
62 700 4622
901 236 7680
223 714 7761
755 555 102
113 406 6450
580 739 2065
249 602 6410
399 33 2965
720 561 5000
281 745 8562
249 941 1304
534 822 7471
227 298 6317
267 805 4665
934 551 109
650 798 7244
270 756 5054
946 958 1381
309 725 3473
367 134 7822
89 350 6515
190 272 8778
617 632 2009
416 555 6484
509 62 6195
390 50 7177
76 720 5061
653 691 6451
558 230 356
281 333 3684
112 572 1509
887 190 8986
696 464 9984
320 170 8337
134 240 9654
720 170 3368
330 394 9166
668 233 704
31 851 1592
954 197 4189
482 365 1006
609 238 6770
944 358 816
310 996 9758
39 140 6126
171 850 3902
440 150 5531
386 121 8357
218 703 3965
4 351 1451
440 77 6535
467 398 7102
358 845 1590
86 117 9230
526 329 7247
981 943 3739
681 678 3182
319 34 1471
513 559 8227
527 143 5791
92 890 1719
222 267 6321
557 987 678
399 27 1489
638 984 291
161 446 709
568 852 840
493 734 896
12 617 8261
494 980 9788
672 853 7760
570 539 4333
855 184 6745
97 184 9753
404 418 4423
660 145 2753
147 227 1411
761 726 6090
385 123 4312
371 545 9435
65 719 7097
205 683 1572
147 89 5738
733 660 433
83 222 6786
659 933 9521
57 288 5359
222 80 8582
889 369 2268
443 593 3448
490 183 7191
367 434 6048
422 21 2534
989 519 1536
424 357 4881
14 345 2515
74 542 3540
153 847 1587
52 980 9978
533 979 3057
983 821 1237
333 951 6567
481 17 414
551 303 6576
665 855 1232
709 194 9269
772 969 7510
758 815 7627
499 454 5392
742 800 2215
127 80 3419
817 835 7164
904 918 8640
15 441 4039
562 948 4417
536 301 4281
379 173 9843
757 646 5544
963 641 3234
204 905 9773
458 55 9986
22 508 1375
252 133 9693
636 549 4171
954 361 9334
186 527 3678
662 317 3328
721 261 3113
531 450 3522
337 844 4844
639 411 5797
346 711 1729
197 304 4026
750 68 8584
809 872 7055
928 338 6055
331 186 5222
559 495 4483
857 141 9578
28 699 3417
895 737 3343
863 812 7806
68 890 7590
508 935 9066
661 701 5891
411 502 8926
436 636 6864
8 809 3411
73 951 6368
344 61 6842
460 100 2633
49 511 4763
607 258 7043
232 673 1182
901 578 5648
383 374 8279
481 647 3183
648 773 8322
266 614 9927
109 954 9031
658 224 1952
643 490 8315
966 578 2111
276 286 6892
60 881 291
841 795 3366
611 343 7937
881 662 9490
209 721 4925
465 689 2821
828 318 2971
907 981 8016
679 672 7588
801 432 176
528 335 5490
989 675 152
499 251 5275
393 178 6264
249 351 187
154 984 9146
315 418 4132
511 849 915
669 866 5808
649 110 9901
472 342 5735
241 940 4294
499 373 2281
979 982 8209
832 228 9472
340 479 3546
39 19 1407
911 689 7693
431 799 339
108 382 7687
532 186 6957
624 734 3073
966 968 1051
604 235 5633
646 651 4061
179 632 4093
671 590 3604
40 638 3450
626 379 4836
682 109 3792
644 458 190
509 65 7935
752 324 5166
436 855 6885
432 830 4600
82 491 9837
634 445 5619
997 42 6375
194 159 9949
355 419 6167
674 159 5349
809 0 2075
394 949 1350
600 387 8740
223 26 9116
482 330 8307
874 790 7070
254 40 1252
353 18 2468
391 551 2457
83 332 9628
552 580 305
442 881 403
219 270 8972
510 243 4318
873 420 602
106 516 528
666 965 6597
778 963 3339
254 698 5189
233 525 2659
640 266 1958
788 33 5935
7 422 7860
821 578 7288
45 308 8545
533 684 779
611 472 3308
537 499 8827
660 691 9041
158 313 387
719 302 3081
917 715 938
204 739 6601
10 133 2474
340 306 4707
607 312 5809
545 147 9664
899 113 4785
207 885 7282
463 751 2983
350 530 7719
150 111 2479
902 322 1518
696 808 7739
47 698 2620
778 257 2908
777 578 7959
801 836 6221
701 912 8039
479 485 6425
148 614 5808
741 457 8920
560 341 4649
455 551 2292
461 611 6196
913 949 906
267 62 4459
938 253 7554
75 709 4349
863 167 8952
326 687 5396
228 512 7465
628 718 8511
231 931 6109
648 872 1291
313 729 5340
354 403 2662
334 158 5922
385 244 5794
22 877 8106
533 202 9527
487 985 6520
270 407 6859
217 767 1086
204 73 6008
784 793 1008
101 198 9738
205 912 3461
786 886 9633
890 65 8315
807 909 8971
7 822 649
536 954 2195
459 902 3523
353 795 3720
849 0 6866
138 358 8701
406 65 1179
513 698 4957
977 775 326
710 150 7394
427 538 6702
309 675 4665
801 466 9871
319 976 8914
399 351 2035
515 81 3254
778 814 6886
709 61 9958
938 851 9787
893 957 4297
815 292 9696
168 354 8839
638 31 8988
574 831 3540
159 694 9351
541 157 8947
68 458 7862
996 35 5074
65 989 233
631 36 5768
792 449 3756
705 29 2761
424 507 4915
423 897 9904
620 905 7025
181 978 5299
690 74 1948
891 732 3576
767 684 3847
927 565 9936
261 600 7567
718 193 370
124 459 6728
717 502 4428
460 336 8746
545 764 1442
308 721 9865
942 925 8901
192 378 919
657 417 5274
411 936 4101
367 924 9004
856 69 8035
50 583 9075
687 370 5679
732 546 7979
929 893 7095
483 386 1161
53 806 3740
490 116 7832
196 742 2524
943 599 6174
895 130 1665
648 17 7232
679 63 8843
768 519 4219
954 152 8591
718 846 2196
223 20 7283
713 759 8054
715 200 1331
132 653 625
889 538 1443
206 567 358
80 66 2789
434 226 1786
916 10 1573
428 536 7763
650 410 8915
111 610 8741
287 3 8709
717 154 1185
150 513 9517
78 991 1027
808 825 1296
710 264 3490
609 619 3535
712 778 2550
195 536 9942
314 396 5179
84 652 1421
53 523 4768
747 941 7134
832 21 1108
811 17 4315
519 437 6168
159 766 7854
858 730 1930
430 808 2464
485 494 3557
173 705 9348
402 87 7151
55 112 9447
808 668 2981
684 659 1451
944 557 7571
348 343 3432
502 301 7933
462 394 6092
153 444 1817
2 424 5794
412 59 8571
390 843 1200
73 366 1611
718 946 2901
230 67 3228
406 258 5494
559 828 8362
551 977 1883
946 664 8555
201 594 5179
547 926 3894
321 444 4001
667 787 2249
650 726 820
738 62 9126
245 121 7537
786 742 7644
696 198 2150
537 939 5876
215 662 1167
471 368 1041
490 769 4274
144 310 3410
712 737 9772
671 10 7288
489 263 5800
247 480 7376
942 511 8718
21 677 2193
548 760 2272
792 675 6084
829 357 8897
233 606 1362
10 541 6019
508 128 901
693 257 3339
747 715 7953
457 138 2722
984 428 4772
132 141 1173
846 975 7635
511 582 2497
494 793 310
296 775 64
497 891 979
542 194 5416
293 365 6850
689 764 4739
774 265 3298
784 877 3644
62 482 9769
687 105 9371
532 895 6120
902 939 6212
418 640 7250
365 893 8031
262 242 9399
486 9 3780
750 916 2210
66 816 2002
510 280 7160
945 776 7158
138 946 4735
828 976 4152
844 868 2023
430 717 844
653 241 6101
443 760 3881
674 492 5232
830 442 7764
329 167 5150
224 578 6534
950 862 9189
545 862 3843
678 192 4723
376 370 4823
947 216 3614
112 583 5440
650 667 3089
461 460 7851
159 59 9990
140 225 2605
278 434 5362
849 119 261
586 699 8555
886 985 3192
455 218 4152
41 168 3718
754 948 9775
608 736 7034
541 740 6770
954 263 667
719 553 7336
720 879 6827
440 961 6064
23 425 7034
813 753 4643
280 202 1790
122 265 5774
514 28 784
989 453 205
235 557 5044
705 255 1471
424 778 8014
910 710 7185
749 442 696
211 770 4233
377 125 7008
468 801 3911
305 476 5179
50 931 5831
489 628 3438
98 304 6652
463 207 5785
576 819 8959
682 768 412
424 504 8310
607 997 9348
264 742 9478
421 358 241
177 143 9400
757 178 4449
759 672 4117
583 119 3513
426 915 4484
499 90 4532
907 102 5934
689 105 6541
25 175 34
390 361 7711
528 909 8954
152 652 7311
596 597 2280
195 870 9223
553 162 615
419 216 6874
942 423 2407
370 448 3401
682 946 8948
639 644 1557
189 489 4879
871 433 2261
975 619 7334
38 6 6453
732 507 8154
734 923 1258
146 806 8890
17 943 401
172 959 9779
248 824 6903
123 697 4931
992 541 5135
342 829 9897
2 360 4067
915 286 7937
862 661 1032
139 128 5886
38 62 7870
305 388 2392
584 192 1142
344 614 1616
5 490 6119
906 831 5902
56 514 3642
316 643 2366
454 884 9115
53 432 2099
652 140 1561
706 745 3241
979 12 6793
124 94 866
223 71 582
824 206 1407
672 98 6765
582 481 518
54 350 3124
649 424 9479
474 192 3741
435 58 4826
60 186 8619
792 183 9433
319 473 5638
254 313 9834
95 947 7488
366 909 4334
265 615 9012
942 984 3321
518 866 6729
30 907 9894
209 522 1842
935 649 3062
754 634 601
893 295 6911
493 287 4700
275 939 5352
522 483 8273
205 159 4265
814 144 4433
112 990 9772
909 577 4479
448 589 1722
637 105 5138
696 34 7723
557 512 4740
676 316 680
142 836 8821
683 387 8174
300 203 4851
775 192 8246
108 735 741
286 472 6990
753 579 8521
797 620 3883
686 281 9280
745 644 8831
619 665 5072
452 197 8223
893 498 4374
92 566 9734
958 266 2010
143 266 4127
327 284 5882
855 520 6386
110 579 8376
570 721 3526
684 912 9717
971 247 1530
888 47 5932
460 544 9100
145 791 3534
933 436 2158
58 347 9760
161 889 4897
641 595 5958
498 134 4285
483 263 2458
253 249 9039
693 90 4526
193 933 7467
639 688 2791
967 782 6541
92 967 152
231 729 505
757 635 5721
972 614 4287
535 717 9442
979 199 50
931 664 1490
330 744 4039
671 372 319
158 483 8422
545 205 7808
869 697 496
175 186 1746
827 6 5464
935 907 9109
727 394 2467
914 451 4856
31 32 4350
387 462 1640
348 820 6390
943 823 4089
129 864 9280
662 537 9723
799 38 675
680 670 2133
429 745 6969
122 768 4357
722 941 8713
136 435 4314
197 75 5698
78 834 5381
222 454 4596
707 512 949
734 620 9469
701 152 2517
480 320 4503
862 462 1182
661 282 9173
440 516 2338
306 894 1621
498 598 4125
22 989 5802
521 399 3640
762 441 7368
344 118 788
139 78 4402
50 669 3035
926 607 6710
729 945 4849
564 695 8887
681 304 1172
370 305 7833
442 130 4641
235 60 9645
970 5 8788
708 31 6303
553 768 9834
248 674 8459
903 856 4909
779 489 2667
427 943 596
510 83 7641
540 244 4709
488 331 7176
1 385 7643
8 407 4550
67 216 7820
532 422 3116
999 926 6176
256 841 2840
663 74 2529
755 271 7708
235 839 7020
544 615 2149
315 57 7618
106 173 5615
284 608 8427
604 840 5874
546 972 3508
298 274 2231
631 595 5943
150 74 5887
808 943 8232
457 720 5978
146 976 9570
279 837 3870
666 422 9293
68 837 5706
600 887 849
733 855 8429
672 592 8922
650 957 6391
545 787 6704
822 880 4212
503 829 5151
694 434 4877
785 807 5571
761 946 3302
224 55 981
718 862 5810
843 99 7845
883 505 3572
413 285 7139
916 953 9672
759 30 2801
553 231 6385
903 911 6349
131 536 2972
269 620 4690
90 208 4999
667 714 1822
975 127 6673
999 661 1977
705 780 8358
452 676 541
252 640 43
284 339 6378
22 13 975
946 11 8387
506 833 6632
660 105 9542
661 481 849
809 796 2687
108 549 1658
109 372 1115
400 690 9489
558 591 6139
110 270 7696
766 312 4836
493 948 8777
854 639 8537
387 499 5613
884 900 9398
715 910 5455
914 810 3953
134 554 6878
407 266 7192
116 308 2410
611 660 2724
687 129 9428
367 646 737
225 691 6628
215 519 8611
130 641 7404
849 869 3482
72 185 6206
869 211 8405
672 769 5112
22 842 1350
73 445 391
49 586 7811
484 965 2419
645 656 8242
632 216 3994
281 172 5167
639 287 1247
940 398 3763
874 5 7524
125 879 667
410 96 8705
960 626 1902
404 437 8497
765 928 4602
211 741 7739
915 793 6154
112 31 1016
71 966 3481
743 695 2245
233 560 9729
658 443 7495
599 887 225
267 616 2040
372 340 5622
555 514 6324
64 432 3055
15 730 2705
931 308 7229
302 662 1176
616 537 9215
168 906 6035
434 480 6613
406 819 5275
505 400 7585
919 872 9424
752 818 6215
925 5 8902
702 413 6891
547 282 3160
247 416 5080
233 215 4836
800 319 7286
768 468 3821
957 377 9642
793 572 2098
510 142 2754
447 755 9759
779 607 3814
170 901 5661
192 276 5087
262 936 3088
816 241 1322
990 864 1328
352 196 1465
234 855 8843
318 680 2297
83 418 5936
577 856 9995
320 358 5318
690 102 4057
898 53 5642
148 781 5732
356 814 7946
994 581 6237
387 619 5706
584 161 2706
517 24 8063
995 784 9225
474 90 4012
397 224 2072
587 330 8068
477 438 8412
108 929 5221
798 498 1571
190 882 1902
404 268 4967
764 772 7416
612 578 2143
221 717 7830
271 311 2025
178 751 5446
461 68 4558
162 798 2345
352 187 7875
304 732 6987
424 749 342
693 625 5182
805 27 6322
155 351 6030
80 774 489
270 819 1274
127 537 3030
745 723 2769
449 349 2611
169 987 2148
684 157 3074
599 409 3296
157 135 1181
826 775 8484
897 312 4013
297 15 117
363 569 1563
186 523 1664
606 284 4145
448 175 6435
272 794 1377
893 580 5863
608 115 5611
678 385 9251
260 680 4266
217 370 6278
877 728 2262
483 427 1913
206 974 9828
512 551 1200
575 847 8674
56 544 4346
523 546 176
341 74 6131
430 22 6595
710 567 9183
660 144 6854
138 506 5408
73 328 996
470 584 706
587 89 5919
202 889 7983
982 763 9346
839 155 4767
761 448 6984
76 385 7467
692 24 6124
909 365 8282
193 215 3348
358 710 3881
23 454 4747
424 825 1194
132 237 612
38 802 6226
692 97 3198
239 610 2523
791 403 6922
349 674 2131
388 536 7599
442 364 8630
334 968 6852
603 382 127
112 323 6463
74 943 2523
651 330 899
387 285 114
786 335 799
411 382 6273
475 512 483
845 395 7849
318 251 1868
746 280 242
734 30 2957
128 14 6397
393 260 918
555 92 3047
533 683 516
741 13 9
991 776 4203
584 445 2966
31 431 6812
66 680 338
828 977 5013
327 983 4200
124 247 9378
465 447 9625
685 174 5359
985 580 5011
641 950 7091
45 79 7738
941 868 5123
685 300 7059
122 19 1726
736 343 9909
11 910 2927
949 377 3459
119 389 1684
205 22 6584
90 429 8691
764 184 4490
221 782 5665
237 195 1767
667 504 5060
800 107 9297
939 335 7039
412 539 187
589 466 588
13 766 5456
429 953 4517
691 78 2948
532 561 9436
569 108 8984
488 184 9145
954 217 7371
678 522 7333
292 969 9889
214 636 6884
140 188 6841
216 652 961
876 606 4371
846 787 9457
619 650 1858
796 707 1117
96 834 4303
741 825 4196
523 936 1877
504 966 673
594 831 5538
90 782 7117
757 942 2025
270 338 8912
17 312 8385
337 570 6882
102 662 7089
762 770 5865
694 321 2421
446 27 797
878 606 591
632 674 9696
604 286 5436
219 454 9244
787 765 8178
993 784 5091
770 152 4065
598 976 1463
171 690 3216
570 474 8324
461 251 5073
593 815 5638
211 743 161
786 506 5293
765 440 6987
38 649 5887
209 983 7148
950 218 6244
592 623 7545
315 212 8765
227 856 8935
922 172 6802
874 443 6059
700 642 6432
263 618 9351
838 497 6278
644 134 5954
959 136 1796
304 459 7213
60 741 5591
354 454 205
709 341 25
553 493 2348
460 387 9230
649 974 3190
389 400 5498
22 813 8522
254 532 3293
65 241 2539
504 394 1773
665 225 9209
264 674 1810
355 768 3502
844 472 3613
967 317 1917
669 419 5912
471 302 7622
458 704 2407
378 895 6862
637 943 4355
660 450 3525
529 479 7262
303 701 5322
751 175 4550
129 427 1219
352 161 486
429 453 8800
765 24 4142
379 716 4623
333 166 4741
737 683 5454
277 65 4539
380 778 8834
179 959 975
85 737 6162
612 356 1795
692 468 8872
635 203 5752
820 745 9580
719 331 2470
830 603 1416
339 707 3319
614 223 274
837 935 9770
901 405 9723
103 107 7137
16 349 5985
641 977 5255
330 467 6450
64 889 7784
108 356 1915
566 436 7970
498 517 4611
232 772 5970
242 950 3338
62 539 7736
297 169 5534
9 749 1686
268 232 3815
376 174 6769
254 885 4247
243 267 1829
968 407 1427
675 722 5142
200 816 8
40 268 7708
697 637 6070
907 709 6329
780 91 5978
622 631 8249
554 818 4239
324 727 9162
93 397 1374
296 80 7941
801 764 7263
797 642 5938
819 594 3419
136 613 6434
991 912 4322
245 250 9025
580 315 6932
281 447 3192
173 694 9770
993 369 3936
896 201 9789
421 546 2785
433 435 7039
564 936 1075
134 879 3243
703 489 2675
520 662 7025
669 678 2993
390 448 2661
520 21 3724
479 406 8650
181 786 7109
223 414 7721
939 568 1933
922 365 3062
326 111 441
19 172 7937
221 504 7079
761 185 7505
306 179 5230
162 38 9996
206 100 9374
1 526 6150
132 866 546
593 809 6131
400 870 640
646 961 1402
65 428 9475
408 949 5046
537 840 8286
168 808 4206
518 652 1563
208 135 7875
990 205 7389
119 823 6621
552 840 2924
747 962 8944
335 933 5372
401 174 5735
740 177 6511
593 376 4939
207 192 8759
375 137 5290
113 858 1460
508 200 4238
675 263 9214
93 81 3802
960 559 5028
550 201 4358
658 133 8100
615 204 3734
473 245 7935
29 981 7798
923 422 9236
121 490 4700
101 814 9994
917 931 5019
386 485 7786
748 316 3826
470 910 6853
939 332 7185
257 409 3400
302 605 5738
957 496 2229
420 434 8424
214 484 5644
139 487 8942
924 88 5221
347 981 7313
756 23 4006
925 208 249
934 797 8883
394 402 8489
213 222 8659
973 632 6687
255 102 6471
94 740 5232
505 902 8678
734 29 8677
511 302 4178
738 464 847
398 766 1329
62 791 8309
901 304 9780
737 198 155
139 837 7107
889 304 5093
330 91 2265
286 409 8026
24 971 6419
716 455 9915
952 905 8889
629 51 5291
108 601 3341
173 617 8332
373 566 9922
639 208 9974
806 160 1053
820 492 2183
194 316 3255
855 968 7130
64 618 5424
122 816 1772
161 893 9810
335 784 4582
323 870 8347
588 630 9135
269 246 5411
179 26 8942
299 437 776
571 496 5528
893 480 814
188 325 2403
672 448 7192
672 157 9843
348 339 1339
965 740 1785
349 452 3601
124 678 5156
52 95 2523
673 33 3009
22 285 3217
617 413 279
865 259 4072
367 20 2867
324 251 2665
132 615 9427
696 23 9936
34 787 3405
23 721 9588
709 517 7822
26 240 711
790 843 3468
916 996 7767
512 901 5558
258 560 4050
134 811 7348
711 492 479
411 735 8267
170 11 3285
113 426 527
844 873 9012
608 482 7917
495 536 8394
899 604 3309
702 301 6234
299 420 2437
727 844 9951
898 244 6659
510 20 306
753 1 8459
796 612 979
183 948 4648
307 875 4058
512 195 3102
623 660 8858
871 751 7099
474 620 2965
914 363 8154
109 914 1079
419 764 2326
193 33 264
580 371 5957
704 823 3748
839 773 4831
400 892 2495
19 706 5271
629 34 2239
755 273 3452
362 943 9606
876 691 4465
972 266 2451
483 897 3580
879 346 3806
441 945 6476
405 911 201
323 77 3367
423 950 5035
100 787 3456
609 36 7166
77 365 3656
944 28 7873
557 553 895
907 591 2132
73 637 6428
475 244 9577
97 248 8954
885 460 5498
104 335 5986
551 918 2654
702 596 5536
29 115 3308
636 567 2111
980 576 508
860 834 5702
300 556 8460
644 234 3214
666 363 9402
345 305 3036
399 293 7259
380 560 6962
952 890 1919
412 810 4215
876 675 3975
248 535 8411
716 744 9083
870 771 5255
965 408 2628
814 634 5330
117 788 9508
969 161 9442
500 852 7215
23 698 1335
334 363 8432
544 990 2319
565 719 1417
466 418 7882
244 295 6580
836 104 6749
633 415 2536
285 76 4202
293 739 9242
949 335 9928
690 276 8148
826 13 2614
604 522 5738
689 737 500
185 467 9869
95 892 1023
700 562 1993
918 648 2784
780 404 4289
203 133 1297
823 766 1063
880 949 8440
739 721 2434
452 323 5056
498 851 1676
284 146 65
425 860 8381
294 216 8140
10 395 4705
726 784 9817
682 864 56
833 618 5705
948 969 9712
505 532 6365
403 727 7245
641 230 4221
491 392 6738
997 514 4165
902 804 1561
871 596 7408
652 432 4489
438 602 3975
217 354 6310
27 171 4179
370 458 3062
82 220 6344
640 684 2683
584 290 6017
460 797 2465
933 350 7711
69 892 9940
55 584 5917
107 759 8429
742 658 2840
868 204 6622
956 604 7700
348 525 288
258 685 523
390 574 5735
580 495 4559
254 781 537
375 359 9512
977 528 8322
869 460 7235
305 864 9069
488 904 8743
250 334 435
21 665 3444
106 284 7566
179 547 9360
728 465 2419
527 578 7319
439 271 2269
748 155 6572
436 437 2680
374 432 6677
866 612 4697
524 500 7180
339 514 5960
588 405 8921
365 716 8766
814 273 1664
38 19 5317
47 178 9372
2 716 3258
246 575 5573
260 620 4166
649 322 9848
723 669 410
370 569 1247
252 710 9939
11 222 7577
625 813 7961
195 152 3385
57 792 2617
348 727 6644
339 329 4063
811 894 1841
244 43 6518
629 891 5537
503 31 3295
716 453 6571
332 483 9467
807 229 7716
963 499 7408
234 809 6394
377 508 2236
259 106 8143
512 105 7726
157 128 823
123 626 4489
398 822 9942
853 976 8580
860 606 4394
731 721 6917
160 83 7698
572 586 5696
8 503 3318
875 131 5829
992 12 5911
819 800 3206
759 559 7273
377 40 2849
89 597 8828
343 628 614
116 55 3987
178 210 1675
546 319 3032
720 75 6723
514 735 7894
467 644 2611
289 642 7477
452 309 9695
269 500 9849
965 149 3151
297 424 5419
215 403 6961
296 578 6493
133 384 8088
792 457 4107
416 498 1336
690 822 7697
491 870 4864
171 863 3481
344 182 857
859 633 7860
743 334 8744
285 339 500
164 277 7791
206 370 840
857 739 2678
476 708 6305
664 647 4290
946 351 667
865 983 4
595 517 579
551 491 8740
804 965 1464
243 236 9459
442 590 8262
178 842 2568
809 589 7571
605 797 216
905 188 3612
24 594 92
376 523 4608
502 443 5902
486 558 9592
321 600 5796
962 889 5213
996 559 7446
675 67 154
234 482 1160
115 184 5433
683 162 2866
376 187 5605
582 830 1060
228 176 7896
570 281 4400
927 346 454
898 818 7367
522 565 218
414 574 6590
338 980 8439
357 878 8380
231 961 7294
657 391 904
442 479 3123
294 624 1451
416 865 4325
465 655 5322
761 519 4533
63 804 7976
29 942 8137
322 152 9225
92 620 455
798 603 3046
208 303 7301
179 358 4864
302 914 8138
177 407 3355
281 887 5323
189 595 6560
612 649 6357
573 37 9620
682 318 3040
174 693 3644
483 912 9334
305 535 4907
876 159 2113
436 598 1031
929 210 9772
232 84 8895
558 183 3483
2 900 8039
835 392 2871
731 871 5460
744 84 3545
948 153 4394
204 293 7294
984 820 7284
858 90 8075
673 311 2468
220 166 6578
711 337 3129
341 274 8773
914 607 9557
309 714 1775
66 266 7249
153 315 4705
307 510 7369
283 167 3879
198 468 209
444 507 5777
814 276 8981
602 463 2147
923 12 5406
954 186 1369
633 920 7030
203 801 6920
568 562 2641
270 127 7322
295 958 2348
758 536 4366
668 416 5433
170 950 6717
542 928 2284
300 12 5229
483 545 7936
890 821 2587
531 51 4885
799 948 8137
953 637 8738
529 738 8709
531 11 3553
65 826 3442
101 628 2572
749 866 8451
520 693 4409
452 427 1288
671 77 9191
347 466 3202
338 173 8362
400 529 4588
776 670 7048
95 971 5977
781 853 7390
419 453 3212
320 581 5590
331 185 299
78 74 3187
323 548 4939
177 253 1320
802 495 4585
302 180 7429
499 528 5604
927 157 1943
973 433 8855
461 879 7111
53 136 1712
320 824 4767
6 418 3398
859 73 7240
628 264 3073
453 824 2076
598 820 849
255 170 9651
325 289 6562
340 448 3660
911 92 5199
892 745 3751
624 253 2778
927 245 914
606 850 3307
991 198 5554
887 311 4293
354 32 9074
134 327 2284
799 843 1039
431 678 8622
634 647 1119
179 566 6815
110 600 7981
4 943 7885
567 964 5094
591 256 8745
175 315 9574
442 911 5397
780 393 3489
20 281 1080
361 348 4383
800 746 2268
524 900 9346
339 330 2275
227 864 7932
87 52 8851
343 137 9541
544 266 6152
299 709 6868
4 983 7786
420 159 9525
863 724 6591
91 387 1834
810 921 1399
139 49 2116
367 435 914
472 140 3990
89 352 3221
696 635 5755
171 890 3607
248 527 4514
308 234 8530
558 875 3807
782 673 3673
162 445 6672
877 314 4378
50 789 1416
340 558 4127
33 547 1458
406 883 7449
914 713 8541
880 977 5818
7 146 5491
781 821 704
380 388 3866
427 81 582
430 471 2591
401 508 9632
890 154 7788
648 550 6633
604 541 2992
627 198 2319
542 825 9631
957 900 3802
111 495 4638
519 875 2147
878 510 6693
19 182 5437
420 876 9228
15 414 9779
663 570 6184
836 88 4908
253 310 7541
354 169 6860
370 137 727
618 918 8426
602 730 8518
39 456 4880
864 107 9224
990 504 6296
154 208 3946
909 74 4686
698 177 2900
911 729 4683
790 13 8497
972 579 560
804 977 7707
397 98 5577
299 858 3354
45 186 2809
458 399 1523
632 598 9605
597 526 2432
951 95 8834
271 553 8282
694 589 5840
829 298 5270
893 365 8386
447 621 9398
330 23 6692
909 471 9845
65 700 276
292 765 6225
6 113 6146
551 887 6031
309 897 8596
821 208 4727
527 350 1014
288 796 2305
733 805 3647
993 45 5436
999 822 8090
814 736 2199
387 149 4460
769 108 7983
544 158 8700
819 554 5263
115 904 1875
851 823 8765
472 981 5526
948 92 8221
248 614 3503
511 368 8700
590 510 6617
725 399 8830
567 999 8837
404 642 9360
218 266 529
325 669 898
635 700 2830
62 318 8540
420 861 2398
574 405 6684
621 652 7428
607 658 9020
361 364 5819
918 894 4593
78 211 200
634 693 8400
234 457 338
315 206 8495
520 261 4466
32 504 3856
47 395 8404
94 940 9761
370 294 473
428 133 6894
368 944 6705
28 540 985
752 794 3059
778 238 8746
952 728 9119
831 68 27
508 132 8852
272 900 8778
931 25 8568
442 226 4964
914 143 9825
17 611 4857
890 776 2961
727 530 9131
439 534 6781
645 448 1264
291 322 9021
374 645 3089
456 671 739
925 144 322
833 937 3305
629 276 9190
653 785 815
191 205 6303
294 79 7773
844 104 2929
493 49 482
999 800 3169
831 19 1426
361 302 103
571 82 5252
391 785 9242
601 977 140
632 839 5329
705 112 5790
604 918 5815
383 409 1828
433 754 1029
392 917 348
213 135 6232
653 697 9284
162 94 2311
768 382 3434
335 371 8664
963 779 2860
481 671 7217
674 537 4774
714 914 6310
799 803 5783
92 148 6936
387 874 7379
333 292 1391
91 653 3154
286 42 9345
427 369 9757
627 669 5258
9 901 3399
326 632 9946
887 23 9897
856 434 2740
757 60 513
337 347 4164
894 982 953
291 218 2110
30 345 2518
383 348 4961
720 458 6341
595 797 5756
165 727 6085
871 498 1243
27 557 9629
373 233 6974
719 603 6314
572 819 7305
593 94 1677
178 117 3867
44 582 319
95 121 5443
614 604 118
9 579 4207
218 857 40
862 834 102
474 986 627
663 127 6197
775 614 1082
475 677 453
494 944 1799
171 326 2608
660 569 7975
254 428 6767
16 608 657
56 528 6739
420 419 4907
179 286 5227
672 317 4930
661 102 305
395 967 8785
316 528 2918
953 579 455
265 639 8903
597 817 859
495 519 4470
29 864 5235
353 701 8109
327 756 3080
706 747 5740
956 593 53
148 112 5598
51 408 7904
187 840 5413
180 263 3587
591 736 2952
216 233 1913
235 957 2448
94 72 8435
511 377 6869
120 214 6461
3 689 4378
105 97 6148
137 336 9026
855 759 889
141 344 7382
511 846 3255
169 926 4330
3 945 7576
564 866 6758
806 242 9609
304 956 6135
651 46 5951
920 327 5874
495 98 7642
704 260 766
321 653 6378
779 532 4794
201 797 8387
819 833 268
5 316 7011
900 634 2491
984 485 5459
400 435 6668
676 160 7810
445 226 8462
992 506 5383
642 221 8584
673 11 3592
317 307 2846
581 877 8864
625 949 920
192 249 191
307 360 8695
307 224 1477
662 870 8179
901 802 1549
503 513 5839
346 374 2479
961 922 1949
288 19 9280
451 822 3516
537 104 3704
642 76 6427
14 883 9352
28 657 4565
57 961 9655
608 733 1943
348 223 8835
584 891 7398
339 189 9577
765 610 6119
570 556 8085
254 266 1077
471 180 1108
87 321 1640
19 612 4786
561 876 7687
310 182 4289
997 849 4707
41 965 3
291 853 367
442 822 5778
503 343 9157
708 364 7935
249 328 1320
598 434 7226
173 293 8189
143 31 1750
702 944 4154
570 309 679
11 109 3038
39 643 5730
448 4 8503
487 0 600
852 752 7851
974 502 452
181 185 6798
869 284 5819
48 888 8614
647 160 8535
575 747 6174
393 614 766
456 319 4150
498 37 1949
381 631 6023
554 321 2273
244 792 5620
139 311 1354
565 97 887
689 134 776
16 275 1604
880 370 1927
131 722 1604
576 297 379
490 369 7246
439 447 6465
449 926 629
676 628 399
770 898 1425
776 111 2516
861 820 7153
260 98 1210
899 574 9682
864 34 3152
680 536 5262
660 987 2518
176 86 822
645 17 861
766 622 5963
483 856 2365
736 586 2354
942 78 3380
549 641 6822
169 252 9683
620 476 2211
158 251 6816
918 278 4007
200 983 3649
440 178 9629
228 254 1038
94 903 1733
324 79 8376
259 364 8723
286 675 4279
590 912 9857
148 687 6781
854 912 3839
894 305 6385
269 828 863
792 710 4035
994 288 2435
25 930 7220
443 624 4289
705 747 7403
132 594 7785
376 879 4738
134 512 2602
807 126 415
608 691 6788
189 824 346
918 650 8140
929 561 185
254 271 5680
664 611 383
384 850 8720
955 228 2392
373 315 7026
321 654 8657
890 551 2657
570 4 1258
418 234 6736
559 638 1556
185 818 8167
407 121 3576
658 727 9646
651 871 1027
317 813 1048
621 771 4357
118 904 7960
622 583 6313
923 390 3090
349 137 1658
103 806 6059
206 323 2794
617 214 5849
594 505 2817
772 157 4788
90 509 3025
346 704 8842
5 133 9698
964 818 3106
874 396 7500
331 25 2650
884 1 4456
236 790 239
241 349 9059
496 989 8244
209 552 9790
413 19 7846
297 70 9392
797 754 6533
704 458 1336
575 151 5915
99 763 9855
901 84 196
118 496 8815
287 778 3476
294 358 7992
199 615 9635
573 851 9618
597 641 8669
841 681 3374
421 399 8357
571 627 6897
39 461 9990
699 262 4520
269 854 5784
520 934 6076
840 813 3923
821 152 5831
955 647 7933
405 90 8721
662 43 9440
886 82 1676
246 936 9496
219 629 5108
857 246 9890
181 945 5423
735 296 6490
306 435 3245
764 567 6960
572 713 3755
745 391 8411
346 540 8903
486 964 3381
906 267 7988
487 423 9595
419 107 2343
271 11 4224
327 240 2531
34 389 8315
682 590 6682
222 882 1610
127 610 4995
728 658 1018
631 862 5577
943 955 3638
567 211 1068
428 460 5720
5 173 1834
856 937 4023
895 402 8827
758 294 6477
929 271 919
654 766 4673
359 737 7087
243 285 9965
78 864 4073
942 12 3968
413 675 7313
677 148 8634
914 581 9788
967 928 2229
325 716 583
721 289 3909
565 954 1108
181 538 766
6 87 9631
769 976 6516
687 604 5634
403 653 6640
114 874 7675
947 651 6382
802 636 4776
833 907 8147
27 826 6728
474 198 5420
78 747 6037
631 437 650
77 328 3086
979 320 7168
745 566 7140
652 650 8073
874 588 4508
877 657 9296
649 571 4457
748 683 4327
123 999 1068
181 698 1340
939 256 3695
329 794 1772
31 110 1820
43 335 9227
198 921 6942
462 252 698
753 988 4371
793 1 8854
833 311 3306
947 368 3873
544 808 9548
43 755 6711
941 238 2163
903 11 5444
822 551 9779
709 638 8899
440 709 8623
405 344 5908
174 177 2999
158 253 6386
982 1 3627
803 662 1429
196 855 5399
304 936 6734
644 559 7084
141 520 2174
783 392 866
239 834 3133
79 966 6756
521 697 5708
280 132 2761
474 285 1719
565 342 3128
180 643 7908
575 287 8252
343 744 5146
240 409 3359
409 413 4135
818 558 2962
622 671 1311
828 862 2378
261 887 2880
379 760 2047
698 340 4923
476 285 6861
268 638 4622
816 12 8186
795 467 6165
926 241 992
693 198 6065
476 413 5658
561 149 5559
564 704 6384
586 202 8390
492 552 1955
367 835 9335
358 758 5313
396 973 1451
669 229 4450
690 933 936
436 154 9424
769 891 4001
552 78 9206
648 958 1394
408 679 9486
520 400 734
887 730 8216
198 992 3643
533 128 3059
424 978 4619
569 759 4480
7 610 4167
935 528 902
49 235 8399
223 706 8714
991 215 9195
456 259 3312
242 504 9783
279 834 1447
633 904 1640
255 524 6700
737 837 5020
412 758 8419
990 320 6082
390 725 8105
324 677 6904
512 610 3240
92 409 2842
386 541 6570
397 577 906
764 557 2973
643 407 8753
486 492 5753
403 623 3962
64 483 3217
139 302 187
440 770 821
74 741 1768
208 38 9754
567 672 5179
377 985 1703
268 3 690
446 703 7906
476 444 9703
856 140 7731
576 923 4092
246 38 2875
11 688 3891
126 378 3984
855 410 7239
146 319 2089
578 440 867
812 637 1491
505 798 5243
767 304 1871
309 411 1434
125 499 9600
72 498 9410
984 878 433
993 418 9266
866 158 624
261 513 2566
399 685 322
355 194 2741
394 307 8625
96 187 1339
702 505 8996
612 209 4014
512 223 8112
686 470 3975
928 767 2382
273 146 3594
324 623 932
189 711 3941
550 346 982
429 760 570
344 488 5923
463 184 446
354 320 492
647 131 431
18 712 3675
445 487 7602
710 465 8688
621 69 5989
786 715 9316
389 600 8871
13 501 202
358 700 8390
462 438 8990
151 103 3176
293 905 8972
603 868 5426
276 506 2400
675 890 6922
913 172 2402
180 645 2916
884 179 4298
940 343 2020
812 499 3571
154 71 7902
307 156 467
742 265 6365
656 752 1297
862 96 4625
911 772 956
763 772 4945
283 370 1397
898 271 3916
338 431 932
406 681 2820
682 625 8875
645 674 2155
150 710 5567
108 192 1011
224 994 5578
713 915 3937
960 350 4392
664 908 2114
994 911 7297
455 864 6992
733 298 1363
270 940 8001
986 557 878
660 375 5372
929 242 5057
296 516 8749
342 299 6041
555 195 8064
38 27 430
273 663 1729
825 877 7748
988 867 9806
195 393 2744
74 599 5742
994 590 4974
311 214 3044
259 122 990
875 283 2168
353 696 9980
164 300 2688
878 496 1666
336 552 854
824 171 3893
781 603 2044
526 116 6525
855 118 8217
60 46 3095
309 174 5656
995 337 6182
158 474 7288
863 757 2913
447 676 1366
195 423 1327
617 203 5569
711 57 8025
242 525 4439
552 817 6343
483 544 8909
21 804 3949
552 989 3626
918 615 4404
437 826 2189
312 355 3562
373 513 207
586 483 5278
597 979 6048
752 600 4807
112 510 6192
593 192 1029
177 43 1010
944 919 1479
74 184 3629
779 842 8193
253 626 4779
111 375 2372
107 574 3325
106 345 5849
833 787 8420
653 833 3144
468 741 3775
74 382 5446
194 461 17
853 355 1760
778 239 8605
99 714 4917
286 769 1086
967 160 9307
152 927 37
202 164 3407
923 16 2525
999 276 5923
913 521 3008
595 875 4112
322 346 4555
127 118 7112
585 967 2016
679 971 4806
24 243 7571
213 507 2069
45 75 2480
620 560 4901
207 456 4478
215 372 4339
616 754 8199
856 504 7646
595 542 8715
47 55 2221
577 247 1367
438 918 146
464 603 3158
696 35 342
264 360 4749
482 157 1190
785 873 7864
579 195 4913
86 144 5610
328 107 7075
222 82 1635
940 299 5054
120 954 1905
996 928 8102
452 188 2562
514 243 8500
49 226 1110
109 684 3485
116 450 458
962 601 6916
387 625 9924
79 629 1765
385 671 7668
489 383 9199
627 473 9711
374 632 2711
269 388 9281
670 579 9759
345 90 228
343 872 5197
474 348 3642
567 619 1801
700 121 4482
128 19 9339
221 429 8456
188 733 4220
526 16 771
946 126 8845
689 746 8413
760 576 3221
721 60 5692
849 1 7948
605 763 2870
964 796 1224
425 618 6490
548 387 910
974 669 3299
237 223 5574
26 293 1133
426 148 6505
628 184 1438
9 882 7296
487 648 8561
363 896 2998
788 385 9522
976 429 8936
930 165 2806
265 251 2206
574 686 2476
633 546 684
766 511 8140
835 768 4677
37 418 3259
109 21 6345
814 183 8480
558 56 1136
349 936 3177
191 904 1976
862 565 3850
133 136 3243
711 780 6264
31 812 7186
621 22 7090
992 373 1272
950 699 2380
699 32 5068
8 646 2664
979 594 6371
537 394 8952
324 639 3140
695 78 9537
678 852 7020
755 159 338
496 317 4971
699 206 3233
900 248 357
452 469 4402
21 763 1790
809 956 6537
495 603 1561
946 709 5434
694 623 161
65 229 7144
163 973 131
240 981 4433
454 591 1362
790 313 6401
784 125 2250
945 243 820
690 550 4797
88 827 8971
821 757 9049
480 107 1191
902 341 8759
890 313 187
713 432 2536
269 895 288
983 567 6921
127 318 2574
691 958 7247
268 419 1753
93 191 8188
723 287 9826
779 717 9814
374 689 3683
701 868 9775
878 310 5204
837 807 404
112 472 8147
870 218 8133
281 296 5796
97 740 7368
260 822 5964
996 509 9757
719 653 1871
772 829 8884
596 979 9269
94 625 1211
664 246 5662
363 98 2053
391 450 8210
469 725 6529
476 311 830
89 789 8273
293 333 3426
978 566 5690
369 42 859
889 327 1856
739 329 2751
905 360 1003
449 261 6101
397 31 5349
362 149 5299
28 110 8164
355 713 2343
317 438 9331
745 722 4836
155 33 6068
970 264 6182
805 697 5742
239 517 9052
511 856 1990
368 954 6977
46 244 8066
979 917 9414
668 347 8370
336 376 6017
927 722 9277
883 920 8413
595 112 4508
844 322 5880
863 593 1793
81 472 8020
661 424 1016
454 157 766
985 206 4501
937 396 8795
36 998 6030
371 319 3081
254 826 2184
419 159 8462
473 462 1470
712 844 1860
673 726 8701
467 978 7232
463 737 9586
789 542 7569
865 532 8514
365 185 3197
640 186 3795
122 268 3659
977 16 5413
864 32 9261
553 756 5854
652 310 2913
85 422 5678
758 385 3471
693 944 9793
322 980 5902
738 786 2051
930 979 7044
149 306 4758
242 563 4902
154 460 3131
645 465 8686
552 205 7108
896 668 313
908 148 6922
418 255 7202
388 985 1557
645 672 1393
805 374 6441
323 192 5666
314 855 6465
270 193 152
956 643 9553
221 823 6088
29 603 9071
528 925 6143
421 390 3600
639 747 6395
260 220 1255
596 716 3591
817 253 8749
737 62 9995
75 736 9299
114 146 5894
713 587 846
261 458 8129
597 433 9631
385 480 1111
179 357 7528
92 851 734
881 283 7091
394 848 4506
847 449 3547
786 754 2195
517 139 3844
607 259 9777
259 339 8069
539 929 5838
955 692 9387
818 95 9326
596 280 8835
209 547 7855
442 924 2378
331 972 4375
61 854 7041
531 763 910
573 546 1558
393 232 8814
865 856 8110
20 722 2950
931 568 8948
899 530 2272
548 851 1003
491 448 6252
293 927 8911
701 310 7699
460 303 7247
44 942 5594
612 320 5309
436 474 9026
826 807 1851
734 885 2265
309 936 798
966 165 3864
288 56 6991
12 133 8140
452 9 8282
136 646 8944
451 423 2523
776 153 9765
760 726 7830
532 234 4807
815 72 1898
487 892 4533
875 443 8803
571 102 233
370 215 3327
669 199 1148
899 370 1731
663 95 7340
984 191 8482
415 210 9321
462 260 8889
523 468 416
127 808 3855
677 362 3473
2 680 6031
959 496 2942
316 291
0 279
648 743
594 942
341 581
53 420
744 268
660 281
296 776
905 829
325 894
931 741
173 762
494 125
170 13
255 389
546 294
16 439
602 326
764 943
521 486
721 24
941 893
441 767
699 565
185 997
907 316
651 870
528 762
455 867
