1500 5000
1377 1395 3709
935 582 7103
69 984 9698
666 404 9941
893 747 444
200 937 6902
1463 601 7796
163 98 4319
505 682 2187
930 61 4287
634 651 4771
214 317 8498
602 284 5725
869 1421 4056
1386 251 7505
704 733 2205
1158 68 6205
1250 671 7085
295 706 5044
612 1036 6373
1263 520 4090
88 633 2524
10 1457 4344
1219 591 9729
381 1314 469
1192 1311 4843
1397 1410 9018
1386 807 9808
1176 1290 28
231 350 1572
668 103 995
870 1378 3858
722 185 6169
15 1091 4445
531 982 9779
1449 450 6964
1431 646 1696
296 542 2744
690 883 5188
219 204 3442
717 860 9773
53 715 4828
668 1149 2845
492 265 2788
1093 489 6541
381 876 5987
521 1496 4978
246 962 3107
279 1308 1316
1461 49 8754
459 571 7009
920 810 7588
1460 950 8220
1390 927 1903
1181 1161 5206
1386 213 7182
1406 474 638
1044 224 8787
438 480 2457
1452 1300 4280
1034 867 3985
1137 378 2987
265 75 2469
382 7 7298
1221 243 5298
957 701 6155
647 1484 2922
1112 777 118
583 190 7901
25 400 1087
489 739 5415
172 719 9201
467 1361 8367
971 604 2972
176 50 4417
1093 238 6463
190 76 7036
960 711 7574
1408 1179 9908
905 30 6393
1230 1014 1615
1364 298 2779
124 1372 3880
1451 1115 8393
246 1293 9589
765 1344 3575
142 760 1911
261 638 2120
1085 521 4259
640 1188 2802
620 1261 9422
1327 1417 8301
831 268 3575
756 10 9967
1126 803 5497
383 1275 1008
643 1373 1255
444 1463 9730
1129 1341 5455
390 1204 889
789 411 1284
78 146 5131
1071 819 6536
1456 562 2081
682 740 7243
1437 1053 4910
384 882 8587
475 1133 966
1302 91 8204
482 1438 8661
570 609 4864
283 1291 6661
741 38 6220
1120 1179 7575
1277 1425 2761
994 34 8524
794 638 4377
77 710 5118
354 1432 6768
1491 1375 5893
73 287 8946
450 782 3334
122 1449 4358
1330 224 533
84 1269 510
1293 904 1526
280 489 4951
760 1127 7825
15 185 5655
223 184 9370
497 1099 16
177 1438 4099
1276 625 5570
1375 44 4385
1194 1065 2547
910 602 4301
171 151 7096
1429 633 7796
37 912 3069
726 11 8596
1387 382 2060
1307 1477 8540
869 627 5009
1019 85 1572
1334 436 541
1466 1165 7068
225 588 6231
5 250 1873
1402 1412 8346
962 1380 1117
1083 1422 7519
518 203 4081
832 194 9801
192 400 2910
228 426 595
1219 303 7264
83 532 5787
1404 1432 4496
954 338 4089
365 1398 5217
127 461 468
1208 269 7096
204 793 4851
691 237 9781
874 843 6591
475 1178 8762
1090 1165 4895
1238 661 6175
873 1396 8328
246 684 9297
537 1415 8713
322 711 7978
938 1341 962
1203 43 2591
1091 93 9494
1335 701 8287
1359 1071 2506
650 1137 8061
1153 1208 8988
562 765 7411
1435 990 5515
1119 1475 1795
1010 995 488
318 792 48
736 761 9862
79 461 6978
774 698 6792
1061 540 7905
1409 363 4874
335 1283 825
1053 352 8108
586 1245 5439
1030 709 9221
666 332 9085
594 313 3161
497 1381 425
310 806 8439
1065 1223 9249
83 801 5342
971 246 7024
1026 480 6245
1355 1177 8129
479 160 1164
1019 1073 557
544 33 4261
79 611 7333
1190 797 6044
909 219 4049
1422 706 8180
828 1483 5074
470 757 4339
649 828 5320
459 1201 4887
845 1320 8080
502 458 29
613 329 5992
594 744 8072
350 312 7803
899 451 8698
1075 1083 6820
227 135 2907
1311 1246 5931
911 1197 2348
286 45 2662
924 1161 6793
1148 854 6078
536 1459 3500
1308 962 2327
181 605 2089
1097 1147 2360
853 13 1996
471 1248 3008
641 1065 7182
733 1053 7837
595 563 6002
986 495 3719
0 1096 7218
809 1202 5855
341 1412 1586
946 121 6799
1062 1354 8800
1457 849 6467
812 457 3657
1140 123 562
45 85 7233
651 108 2737
182 1139 9712
1198 35 9163
998 974 9937
1192 493 4345
367 379 5228
1465 1457 3031
894 485 6855
225 571 7820
725 1293 6349
1048 1301 3058
325 1443 7542
620 221 6204
1406 907 9376
1091 812 5150
819 885 505
396 52 8774
1030 466 2378
1480 757 1946
587 157 3132
393 1143 1359
1036 1449 3351
628 420 314
1014 469 4999
274 600 559
330 967 7525
344 188 3767
710 9 564
1396 897 6363
523 399 3037
440 446 6063
810 898 6408
926 636 7208
1446 61 3204
478 322 240
627 296 4810
883 772 7875
536 1375 5096
9 760 7668
1111 940 9398
20 180 574
1371 676 5730
1119 449 6047
1177 128 685
1218 809 5310
439 461 5626
520 602 1441
889 443 2481
847 518 3357
90 1197 3560
998 711 3428
1083 776 1214
939 722 3492
716 951 9923
467 1376 2124
858 1417 9071
3 38 5155
794 198 1003
172 211 2411
518 747 3596
713 672 6244
831 1269 8920
428 1236 6948
522 859 5864
48 282 5303
331 1212 3906
1134 763 8650
747 1030 3031
480 430 7470
474 536 5869
1177 0 3658
989 373 5140
689 497 8466
367 17 1199
420 1241 4422
479 1195 2316
1173 439 2363
428 674 8261
1263 1335 8539
820 257 3632
946 1236 2945
1168 1390 2140
749 425 7269
471 682 1374
1099 635 693
10 888 8786
1040 1350 623
85 816 3222
1418 1297 260
275 636 7792
426 145 2940
1327 783 3126
948 112 9870
903 678 3890
203 639 8443
642 31 607
457 148 9235
301 737 3585
1022 583 9462
190 951 4460
836 1155 2016
1130 1123 1326
464 203 4747
271 948 8567
1497 13 7123
536 1340 2902
658 681 7392
939 930 5472
998 752 3583
1435 664 8865
267 934 1141
507 63 698
1248 1080 561
713 482 9683
494 689 3660
36 1287 2335
812 463 5911
1189 67 3235
917 1358 3003
923 314 7913
1311 1289 5189
741 753 7406
342 319 1043
315 966 824
888 1369 1998
1030 443 1364
1264 1224 6050
1001 494 5921
1202 418 2729
1338 244 3684
1043 26 7422
982 93 423
801 1399 4600
1317 659 8169
430 687 6791
548 1208 6272
220 486 5523
279 688 9067
1424 1100 459
953 693 9055
968 1185 3859
204 1084 6447
147 600 5919
959 152 9875
1112 96 5067
707 5 7778
1375 139 1650
339 957 8102
1245 1405 5413
866 1258 3644
66 840 6446
800 825 9039
209 983 5266
1280 979 2292
1047 1456 6527
286 728 5965
785 321 5193
1413 949 8773
471 278 502
1054 1146 7153
364 253 8617
567 79 5363
721 1255 7604
1476 619 2725
197 1239 8083
106 424 4559
0 1211 4396
588 211 107
91 629 2325
1077 773 2480
154 227 3242
974 636 4990
161 493 9391
764 1242 8858
268 729 4879
1108 1262 8818
877 202 3656
1183 1352 2598
1459 1011 8186
97 496 2535
322 1080 1029
569 407 3900
993 797 4297
1219 240 1448
366 650 8664
1321 453 670
47 63 1912
358 604 6834
1101 855 6931
1062 891 5584
241 643 9402
321 598 7628
90 1396 6222
994 696 6461
1482 26 2936
1168 397 968
713 654 2707
587 142 380
1291 136 4781
966 871 1696
575 1152 8960
1221 266 69
334 205 7
40 1237 1937
1008 610 1660
1285 1158 4775
445 995 707
616 112 6940
1166 1202 4691
973 1123 4429
1109 698 9507
1116 1389 526
518 627 6807
459 885 4673
181 100 27
840 645 4399
399 1330 4029
966 1353 3965
89 92 8375
721 1063 7505
298 12 5199
264 482 3448
113 1498 2181
343 1080 2416
346 96 9941
246 1210 9358
1048 613 2714
993 510 7118
979 1081 7131
1247 1482 7734
520 663 236
736 292 7492
1002 462 5225
746 1063 5480
780 559 6401
821 586 9012
244 1365 1657
887 185 3243
314 651 8454
910 1308 5552
648 234 6614
409 349 7758
753 1392 8822
20 671 3311
1429 1273 8211
331 1019 5631
215 905 7467
217 343 7829
353 1055 782
78 597 1180
45 183 2965
863 816 8679
366 1462 865
17 812 7415
519 601 3191
722 1447 5643
43 628 8349
27 733 7150
646 1457 4041
884 907 4405
1401 1276 7819
214 1130 9586
29 209 6120
1103 915 3143
432 505 472
0 96 4008
651 1082 6807
44 557 8623
686 448 3207
1194 276 3215
30 1205 2232
125 215 4506
675 1148 9836
1484 436 9026
341 1129 1436
1249 372 28
1090 230 4391
1373 382 4094
1310 495 2019
536 976 5535
763 595 960
118 249 1734
1466 241 5180
1133 59 3118
1266 77 6086
1331 454 9128
1116 1000 5008
489 688 4924
744 1346 4217
1302 776 2081
608 414 8594
246 755 8348
837 851 1870
1312 149 7622
1343 300 128
202 1186 6595
601 318 401
549 1103 3656
737 707 2191
1150 1418 5725
408 742 3903
1140 407 4878
611 325 9266
843 1333 4047
1391 91 7671
377 212 5087
1335 240 7146
54 1393 2608
275 771 3506
1250 583 5555
1335 1360 7898
1310 333 4528
878 960 8233
487 74 1994
1424 1409 6813
946 1267 6911
214 1087 7422
868 1363 9058
1093 872 7689
335 1171 3225
19 518 9417
1128 803 357
663 1340 2092
1463 1258 2467
341 823 9553
841 270 3004
909 1047 474
55 1026 1032
242 334 5879
1127 22 3407
1053 378 6226
740 659 3794
415 860 2324
214 442 4050
316 536 9466
644 1089 7825
156 882 6643
934 8 2499
138 274 1741
466 1139 6769
880 1293 4201
1057 768 191
517 439 3808
550 251 2622
293 230 5662
744 442 7362
861 703 4365
685 107 509
116 198 5042
1114 361 3140
1064 26 1489
242 1315 1779
181 1413 2563
1454 1476 2955
365 631 4108
499 910 2977
201 893 5788
486 1032 3672
872 808 7152
524 366 1025
744 515 9831
1330 801 3705
1369 19 3184
1375 1104 8282
207 604 6042
1062 431 7436
372 435 9624
133 229 1348
997 996 9743
1064 1070 8703
247 678 937
412 79 9424
1347 1493 1844
961 1454 3859
1476 1250 6512
98 1240 3221
958 1355 5478
565 275 4203
922 845 4627
1470 946 1902
121 1409 1118
744 1213 4321
86 993 6364
6 155 990
101 234 8230
352 455 5965
1288 1398 4681
115 724 9580
1153 951 6820
742 757 9488
545 883 4265
853 47 1533
221 783 4047
1471 1452 1543
899 280 5804
425 1386 2980
815 552 6501
294 1320 1789
1173 203 3636
1080 1407 7497
512 690 2782
695 744 7757
382 818 6138
649 1240 8797
1221 1074 4952
1031 592 6123
721 1020 5804
767 776 1219
835 26 864
1036 417 2248
462 1110 1280
1414 2 2957
263 434 4210
13 1324 8075
1415 1163 8546
1086 529 5923
749 640 3681
625 1443 4905
1407 591 368
250 154 7593
1304 368 8562
206 537 9766
571 756 8333
934 1019 1791
1143 163 2236
1163 1233 2762
1072 642 8860
1427 812 5016
1341 1314 828
1470 312 8022
1007 842 7896
1064 351 7994
768 1315 5831
1394 80 9895
1040 171 8897
836 19 9722
71 975 512
642 199 8604
768 77 8071
455 732 9206
772 543 4152
879 820 1745
221 386 570
1002 305 3316
1081 1054 1662
620 1240 1683
515 232 1885
1413 1243 5779
1218 1028 3044
656 763 6972
865 759 3443
1280 7 8144
445 851 3946
38 498 2782
691 768 7209
749 576 4278
686 1343 3061
1293 954 7761
295 1163 9777
632 1039 1075
475 1121 5191
644 235 1844
740 81 2439
1022 957 436
1169 174 9089
1474 1430 5628
740 812 183
591 452 2128
1200 1070 3773
605 590 8791
1283 175 2572
845 931 7813
694 736 5462
986 117 611
1135 1402 1396
147 1336 2744
815 663 7718
260 1498 7660
1236 531 635
257 964 4542
1026 1252 4701
147 999 8547
95 151 424
1333 1310 6087
1411 722 9481
1274 618 1515
487 1313 8061
675 166 6338
899 40 6080
772 1474 7044
687 799 9716
1280 151 4041
530 671 7454
30 666 2738
185 1316 5826
58 395 6994
133 8 2724
902 894 8530
145 747 8054
38 336 1573
98 1475 9522
965 261 6406
434 1276 6976
722 83 1819
1362 1159 8578
864 564 1030
572 1187 6047
1364 1096 1213
1204 1295 328
622 825 8314
1430 229 2664
256 1339 7418
118 1444 4212
1456 1448 634
291 1293 6592
352 213 3620
602 1317 4229
854 1035 5318
1177 39 3493
938 1275 1556
881 1310 7611
1001 25 8
506 1327 6056
1320 797 5159
172 66 8196
1147 321 954
375 635 2687
859 172 5103
1108 1168 2013
1353 421 1252
176 488 2514
332 1351 3614
1379 774 8497
1035 414 5249
1307 1480 2035
292 542 7145
1401 10 3150
544 432 9812
159 792 8866
1158 726 2955
897 1022 6545
580 1152 2450
994 278 48
248 381 6110
636 323 220
595 695 5827
992 1318 2016
144 807 3947
900 913 1606
917 327 2044
1179 1404 8050
742 238 3872
89 1477 1248
764 441 8502
1250 480 3522
1054 150 1536
1068 97 8980
1446 1179 6152
1119 31 9076
1098 1281 787
235 664 8748
438 634 3579
1045 635 6718
396 43 7942
1241 812 5580
1480 198 3301
536 334 1702
365 1164 7105
183 718 1943
1126 991 6261
214 1114 4641
951 829 653
889 355 9626
998 557 9624
372 993 1375
368 60 3971
715 1284 6242
315 825 1792
469 1435 2960
1111 123 4733
1016 868 1800
205 9 7196
229 1470 6340
185 429 5340
1184 671 6013
688 392 4408
869 31 9443
224 180 8428
362 451 6202
411 1143 9030
920 207 9826
1302 359 1043
642 1064 396
736 328 2377
282 696 1809
487 1384 5092
1323 739 621
829 336 7923
178 303 1471
298 554 7102
1360 89 2674
1487 179 7367
864 842 987
743 338 7871
265 912 978
810 1099 4881
135 659 843
1470 940 4637
457 576 1933
53 1018 7586
789 230 5476
628 685 2042
907 1306 6860
1419 324 1717
768 125 7956
293 315 9708
231 1477 6154
1317 738 8836
183 754 8206
1282 550 8183
828 1457 7675
700 379 1240
163 791 337
451 314 4723
920 280 7911
197 142 4157
594 635 5423
781 474 8145
1342 1069 9972
1278 812 4032
681 1245 7810
1166 713 3015
197 979 6220
716 1040 9884
223 618 8804
29 1213 8918
651 16 5260
1335 196 7360
1234 286 6412
1277 1129 5320
262 476 9922
1172 146 3620
580 865 3306
1051 1404 2130
805 473 7407
321 1175 9043
1483 1476 1040
882 1315 7222
426 1407 3210
198 417 8621
337 102 3322
1121 1380 6716
1142 594 3953
1488 1279 2807
127 485 9185
23 1403 4181
221 836 3243
517 1343 4347
537 425 8025
213 460 5719
1319 360 2023
346 1216 618
1250 456 876
268 845 9158
292 218 353
1263 1178 7390
1327 310 4894
1025 788 4475
101 826 2796
1242 1490 5660
1242 1351 8813
971 184 3386
301 411 4622
1323 1498 1687
16 855 9262
296 199 421
206 246 4469
1056 530 4999
935 641 9531
979 1486 9980
1084 85 5145
430 888 502
1114 1136 4846
173 659 9492
104 408 7676
698 191 7062
321 3 3793
393 1139 8715
1330 282 9142
1266 390 2254
1051 1315 3847
393 1217 4053
237 304 7678
648 1347 6837
266 516 5237
1431 750 7948
1396 187 3819
126 730 8782
127 981 9446
893 501 2634
537 1092 3791
368 1392 2952
824 204 2065
34 1068 8473
687 1341 1747
455 471 5376
53 1102 1146
864 268 6982
962 1120 8392
363 1012 3000
1266 504 1763
87 46 6845
303 89 7313
990 1001 9997
472 199 9844
810 1014 2797
1130 424 7287
0 1021 6492
434 1357 7597
15 474 10
630 1210 6540
540 1262 6577
476 94 3491
418 1205 3795
1041 409 9970
516 714 5386
571 890 5310
1310 1459 2082
1364 798 7122
1457 1256 9002
140 743 1287
1424 980 6395
202 1281 731
1380 738 6084
963 1341 3703
890 1052 5870
287 1089 6833
86 408 4747
1377 418 7917
1208 850 7493
690 152 2706
1112 803 9504
908 1444 9328
1346 573 3522
1070 313 2261
1413 943 9450
232 751 613
937 925 9785
417 727 5697
1248 56 2463
1444 1076 2943
687 647 9716
863 372 3171
609 538 1233
577 1122 4577
1163 1483 5453
276 1359 1684
398 169 9876
1206 1114 8909
138 484 5346
1212 285 4733
1327 985 1504
464 349 4601
624 567 1888
1155 304 1406
847 1340 5287
295 1015 1208
811 1447 501
892 598 2226
1477 1439 1222
1073 841 1817
130 1111 7916
853 264 4102
876 745 9616
775 1396 926
1427 395 444
798 610 6795
1334 739 450
3 895 7009
1481 604 5277
1151 1493 1834
647 429 1348
288 591 8283
776 283 3877
1052 1242 3704
298 1059 1246
70 727 6492
493 500 4148
617 1376 4241
225 61 3338
1012 813 6004
669 832 8026
721 157 2198
571 1414 6762
1296 378 4642
1351 664 3984
856 54 919
669 1155 7337
1480 294 8412
724 579 1609
183 492 67
1387 1362 2318
137 632 132
1416 528 2802
975 1108 9061
913 432 3947
880 992 956
128 30 8069
772 1497 4726
1262 255 8578
1240 406 8151
733 1321 4378
617 349 2235
484 1214 7341
1169 1358 9211
778 758 7516
918 41 6533
635 526 438
912 516 7824
973 926 4026
757 682 1126
886 825 3440
1018 98 6381
1081 810 1955
1444 1388 6219
345 421 2944
1030 73 4414
450 1134 5722
1332 532 8244
776 1496 1838
310 761 4513
895 937 1625
1208 1288 6526
647 713 4810
767 333 7791
152 421 7172
890 525 494
1170 707 2103
965 1384 8515
1072 1498 8557
1120 921 9751
745 1156 1489
831 872 947
127 580 6982
1386 1342 3940
725 1229 8246
70 820 1006
529 478 2603
989 891 1326
1012 1313 7439
374 1396 5122
212 221 783
1107 1124 8347
365 1463 7227
381 1316 2236
672 310 5088
49 872 1581
511 70 2879
1181 1334 3631
675 761 6225
1158 1166 3793
747 1057 3023
164 627 3912
1251 773 6085
76 791 462
1205 1370 5478
1483 1382 4174
374 241 5256
496 743 4707
1359 906 2859
344 334 7715
1338 134 951
1163 161 3507
1228 610 1975
1140 711 5648
268 636 7292
96 1220 4797
333 637 3089
1125 889 4033
159 540 3740
1467 855 7361
50 448 1424
997 203 2854
1238 753 7235
419 536 5689
528 822 7665
1212 182 9119
1440 1427 189
1103 1204 7966
1449 1004 733
1133 1378 1490
447 642 4522
922 688 7570
1159 1279 5062
197 601 4088
641 377 6820
133 909 4979
105 632 6626
1417 322 1802
1062 272 8161
358 1271 4194
31 248 8685
740 135 7499
178 1161 9812
209 1387 2643
712 272 7289
466 1352 4272
83 1137 1884
336 554 1848
810 159 3952
1231 702 4362
208 1416 5776
1439 116 59
1083 1371 6295
1190 328 836
1056 840 3884
980 1228 4676
1411 29 9860
384 70 7717
89 481 4887
626 1050 3053
60 1345 6004
701 1318 3316
638 498 7636
186 901 2226
1393 117 5636
964 1002 5896
1408 304 5658
1342 580 4122
1407 493 4480
375 423 7673
252 358 1994
419 526 2234
1261 817 5230
1366 938 6609
1239 220 8985
993 1159 9598
564 1443 1140
1276 1226 1531
316 978 2943
562 337 1434
136 752 7059
397 878 1961
1263 529 4570
709 795 3050
944 1299 6264
130 701 6844
961 1071 7450
1100 315 6484
941 1230 962
756 400 8817
431 1032 5939
891 667 4650
758 1451 4414
829 681 7774
211 1287 1251
81 31 1912
1172 1025 6549
1404 299 9912
143 1177 433
803 974 5005
835 1408 1348
796 433 8101
1072 132 5010
170 798 3928
1378 1452 6242
408 1406 1383
576 379 7170
198 734 4022
1008 391 4843
1326 1249 2737
1048 1157 4713
1154 1464 3986
574 448 8827
48 735 4638
802 29 4582
362 1465 215
246 769 2163
972 1388 4313
411 962 2783
1220 1456 7852
1262 767 9235
523 115 3159
1420 1326 8078
168 506 4890
1249 249 1961
1000 597 7815
872 301 7180
517 1041 1731
795 442 4193
235 210 7333
1362 1240 8685
1395 755 4764
15 1232 7913
451 1395 744
581 16 6495
1290 915 7735
60 602 7167
980 1108 7452
814 981 3876
22 730 4364
1168 1466 9723
486 1062 5408
425 286 4893
293 398 5164
1418 825 5773
786 573 8179
205 60 694
496 1055 5592
848 968 9939
659 480 6915
1282 660 4847
1495 1432 9046
827 874 6767
1384 140 5317
880 764 4965
983 841 830
137 1042 2173
337 280 6912
148 1140 2620
748 1277 6833
233 761 7039
1382 1472 9565
1363 725 8322
1202 200 8908
723 1401 3779
530 1219 1102
1134 1245 934
280 716 7486
1204 366 2671
874 1187 9978
215 1200 1721
407 701 9027
1455 169 7691
766 1208 4143
967 977 2855
370 461 2890
988 896 111
861 1376 5352
877 775 4846
1087 1475 9275
457 425 7324
345 1410 4846
633 709 8840
671 347 4015
1398 849 6887
105 1128 3787
642 1208 6737
257 1324 7068
974 802 564
297 52 6415
303 1198 1221
1002 1366 9865
1174 1127 1956
1016 762 8780
851 1436 2651
1045 173 2968
538 34 8016
159 715 8680
1379 271 5778
149 1405 6084
1023 148 1854
517 108 3205
678 1340 6262
847 1086 6798
466 633 5068
868 1473 249
918 282 7025
991 1280 3798
577 599 6883
1367 131 305
816 88 587
1207 603 4591
832 266 8810
1081 180 122
751 848 2056
1312 940 8641
368 1098 4918
111 1279 986
1345 529 5051
584 718 4957
576 341 5107
884 1219 762
124 1339 2860
817 1041 6785
1251 261 3388
1115 1305 7078
458 908 3859
1144 1415 6783
1095 671 102
1457 10 4758
0 743 1600
126 1226 4399
159 1194 8173
67 568 8232
107 1094 4733
785 916 9237
431 1348 3779
706 410 8298
372 841 9086
187 421 9718
877 270 7276
1055 1319 4407
1339 448 8458
101 622 9063
897 750 3116
123 804 3905
173 538 7368
1017 432 3866
1240 646 1513
413 551 2063
460 1078 3010
975 122 683
1179 1294 7357
464 489 9943
1168 119 8497
716 682 101
130 636 2859
548 956 8774
678 969 7838
1333 1251 7964
331 143 7246
513 1226 9169
159 1071 829
315 1428 5787
709 372 684
251 1246 187
546 684 1987
121 1100 4991
35 158 716
102 524 8910
694 1380 4726
921 445 9086
1459 244 8689
1355 962 5451
1021 793 1282
1201 1071 816
96 449 175
523 1022 3330
1187 391 2318
298 355 3801
1474 250 8723
1244 1444 102
523 459 6949
107 615 5582
460 1287 1948
419 1105 165
282 1016 2213
266 863 2112
1289 92 8195
1410 56 5925
1420 257 5058
1472 624 5141
388 1084 8980
1308 288 3267
98 1286 5300
589 598 7657
1141 1083 6548
689 341 3173
136 1055 3500
621 497 8083
1216 459 4357
708 78 9167
974 757 1935
1354 338 6520
116 883 3135
98 563 639
691 1062 131
798 43 9000
1093 1178 7186
953 38 5268
234 1185 1837
38 855 2970
932 505 9880
526 1098 8724
1355 1443 2370
911 511 1192
562 668 4759
7 641 7230
442 465 8265
187 1121 6756
1259 915 4536
417 877 8939
1160 488 6385
1224 243 3736
1319 1178 2647
486 1057 3092
908 428 3656
213 486 9437
1097 329 8390
1471 1414 5237
625 644 6043
916 120 2333
345 123 3637
323 768 5881
1190 443 4867
509 8 5556
110 1476 9984
1424 198 2312
647 712 317
741 1088 3463
556 669 9371
1340 272 2613
1023 962 2804
1183 728 3356
881 603 6234
492 510 6941
718 1242 6184
1366 731 6270
455 1023 5754
288 907 542
1439 1165 1557
136 626 1228
1149 46 3774
234 210 2526
1139 843 9052
1442 308 7092
1316 1297 8066
1028 258 4215
966 1356 571
1208 745 8024
341 1356 7614
445 587 8405
730 771 6449
769 1470 5484
1038 328 7950
1006 1373 9070
606 471 9580
710 136 5470
640 1437 399
1293 1016 6185
1286 48 8634
574 152 7352
252 691 5044
906 1099 9845
941 819 3483
432 185 955
692 762 6155
356 427 4581
27 877 4026
1349 1195 3481
853 659 5389
428 174 9784
1265 93 8884
616 1246 7542
754 990 9913
87 1448 7690
9 1026 7277
510 1465 9885
1319 331 3991
5 876 5865
277 1172 8115
389 220 4093
332 447 3230
234 466 8904
187 151 9751
1332 146 3223
1276 1162 9125
144 383 3677
1033 829 7404
1228 961 2127
125 628 7488
756 1373 7822
1049 203 9658
908 1217 675
43 820 2092
1448 1481 4497
629 605 5374
506 1172 7203
949 175 1430
452 1395 3539
442 964 8136
731 1220 6734
1116 482 1973
307 316 8138
441 1046 5481
1255 109 3807
1277 312 1010
1443 689 4606
893 1303 4890
1055 929 4572
1142 998 5734
656 1268 9288
666 1343 5536
1017 660 4305
257 1056 6056
1204 1345 2800
735 1176 7898
1214 745 4049
23 215 415
882 1001 6190
435 222 924
913 729 4654
583 1136 8611
1016 1322 7198
81 359 6635
267 1179 7840
248 733 6988
1402 718 1056
893 1194 9268
866 416 9400
1107 982 6149
862 1318 2019
1310 312 5274
1248 599 3252
870 687 1079
470 346 1859
274 1230 1316
182 372 7409
1126 1358 2972
19 455 3799
1354 934 2074
422 1353 4903
737 922 6209
303 65 5849
1164 1150 5446
1239 1362 7066
1132 1238 9239
1123 1199 4361
641 1224 8963
933 1444 2152
55 428 3773
33 726 9272
865 175 3668
573 1476 7501
549 1025 7058
1219 556 7147
854 1009 8220
467 644 4127
194 376 2543
698 408 3615
1203 701 1790
148 1498 8442
849 1240 7073
562 1150 7659
903 1373 6165
767 101 7916
1111 213 3979
215 949 487
1024 289 3481
1363 685 890
1372 532 2939
1400 365 4912
438 1129 4829
624 559 4568
136 138 8883
51 1265 8832
1181 530 6937
150 1434 4030
158 972 7293
703 1205 6920
790 483 7026
447 149 4242
857 653 8036
106 903 8994
201 603 4962
1049 588 4931
50 1348 6132
962 413 6865
625 987 6870
858 494 3635
934 1011 9349
1076 624 7559
1154 824 6281
761 662 2157
310 629 1825
577 934 9771
649 552 9165
398 854 94
1454 396 1848
62 590 7931
706 1344 4916
666 781 8580
462 1039 4827
508 1448 268
63 922 5907
325 202 4976
93 108 8239
506 1018 1777
781 1364 5855
344 263 5265
958 587 6311
1368 421 2679
540 842 950
382 443 3141
356 82 9469
1460 1425 8036
1423 439 6417
604 553 5989
554 1327 7092
436 580 7885
769 948 7546
945 332 2452
1074 137 2873
1343 633 9795
717 155 2368
822 1010 6713
1304 24 6981
989 340 5245
281 943 4520
1226 518 2012
752 1441 521
593 1019 8673
1493 610 6833
882 1236 478
570 1120 2108
880 1480 2435
468 1064 5628
257 50 1793
919 972 4473
28 116 3386
409 1489 3010
756 999 9998
755 923 6882
360 306 5128
1008 990 2230
919 1155 2067
173 87 9482
863 761 8495
1370 1003 5425
644 252 8719
800 1206 8051
724 721 969
288 1390 1902
515 700 1063
427 493 4218
1238 677 4251
721 1214 1887
1259 506 3979
3 977 7092
209 1302 8836
626 245 791
136 700 8119
49 798 9534
1283 1337 2875
960 736 3345
205 568 8780
1252 1373 8978
1370 639 1599
115 319 7716
1011 384 2108
1403 90 1408
1012 174 4145
602 769 1749
645 1410 7191
797 844 6969
1241 165 5250
645 1487 2216
189 1344 6899
1250 407 7660
121 927 4035
1185 577 7937
123 756 1551
507 501 4947
1449 1442 3182
1303 1381 4171
969 1398 9061
141 1330 915
1328 1157 6236
726 1214 9968
651 1099 1042
376 273 1884
1270 381 2719
222 873 3799
630 83 1585
374 520 8212
781 268 5157
767 66 8707
1391 1384 7715
961 946 8643
1377 1353 3410
212 43 8997
149 727 4775
605 783 4044
211 1062 5868
1009 374 8462
1036 102 9585
2 387 1937
6 304 6014
1316 682 3916
51 854 377
300 995 7377
549 70 7704
1097 838 3684
1237 648 5615
167 115 347
363 369 6817
695 1028 1070
363 76 5300
1135 541 4788
1026 1121 5991
477 1368 6451
805 102 2703
93 967 8925
1141 1379 1907
241 708 7034
542 176 1070
6 502 7833
966 1100 5554
744 441 550
1239 781 2620
322 157 6693
863 392 8174
492 1378 3473
108 784 7717
305 518 8312
462 1200 9057
653 683 9801
115 78 8171
1167 1091 7014
534 1434 9835
469 730 9847
143 1406 5903
1043 1039 3439
1213 569 6002
887 1408 4396
1175 1415 6018
479 837 1575
369 75 5351
708 1002 9638
213 615 636
15 11 3452
966 135 5449
751 1057 7923
1321 1166 6933
460 1012 6864
465 1047 5258
1083 864 7671
779 1413 3199
843 84 398
703 1065 2646
948 453 8017
1090 899 6310
728 164 1813
1100 108 279
1115 1489 235
748 1171 5483
1326 1076 1352
1191 494 7191
907 317 702
58 421 221
955 477 6005
445 581 845
1172 678 150
1026 918 3622
861 578 5383
1385 1377 5002
1219 776 6044
1481 373 1285
812 1491 681
1474 437 6521
447 201 9049
690 1189 2014
1180 1368 7988
248 331 5732
1176 1118 5307
1330 12 9578
1149 111 8257
969 469 3977
1261 966 7318
1009 173 7923
970 1109 4921
583 736 5544
543 118 5296
1268 336 6443
518 903 6234
630 933 3760
1263 789 2093
798 1060 7741
1282 1325 8158
511 1217 9277
464 807 3461
1299 168 1318
1145 794 8759
582 1249 9717
482 1008 3414
883 874 190
711 1421 622
886 26 3123
690 1423 7125
176 364 6688
1092 661 6676
95 694 8219
538 404 7030
985 258 3350
1366 189 6051
66 798 3668
313 206 6607
315 997 8480
365 183 4082
79 272 4923
703 671 9179
682 313 1836
823 639 4726
259 173 7406
617 1079 4248
680 343 5262
1061 822 9242
734 922 7700
1232 691 2084
766 640 189
445 883 3488
280 816 2157
315 507 3688
1363 127 2034
430 1348 7017
1402 1269 5223
712 63 7856
518 742 9131
565 1222 3405
696 661 9046
214 1418 4222
287 416 6608
726 695 5664
1323 784 2686
1126 1349 8327
966 484 5159
1190 266 604
18 229 644
1314 1247 9777
904 462 3783
748 658 8067
231 534 8056
1272 486 7674
1355 673 601
1475 1406 5714
381 1142 8912
235 559 9229
305 1117 9186
668 284 8486
735 369 3772
237 310 1220
428 44 2479
1043 988 2648
1262 763 7649
349 318 8411
301 897 5379
814 1215 3901
1220 172 8712
84 849 2421
125 1266 7184
172 1065 9833
57 588 4754
1270 165 8357
547 129 6848
545 564 1045
194 1064 743
1277 643 5387
677 269 8783
381 891 1958
1228 469 454
1104 1477 1929
846 100 4193
1472 66 7739
701 270 7776
187 1403 5647
1153 1275 9406
161 941 4943
120 949 4743
1169 453 5147
243 83 8396
1298 174 3204
1043 794 4972
910 853 4090
377 23 4944
535 320 686
417 105 4352
1279 810 4528
786 1138 4448
412 217 2553
50 504 5877
1322 286 8388
984 140 783
1449 1224 6940
1211 268 2311
936 1304 5766
515 671 2559
353 804 1076
67 985 9673
38 1252 9747
571 260 1979
922 320 1505
1346 1309 1272
1205 85 6348
966 15 3523
167 1432 8699
15 824 7949
1262 584 48
1083 1479 5265
357 1193 6970
366 1008 74
342 56 4720
931 1192 9185
822 744 963
364 933 7195
1 647 3944
984 178 5413
832 298 7012
94 1003 3775
83 61 6477
1181 1284 2842
944 513 1780
435 788 3856
1366 403 7822
843 661 1501
912 1468 3354
885 486 4385
1079 1311 9781
1469 1341 8733
1059 237 9105
1324 741 7149
120 1054 8273
629 65 5885
1441 129 1497
920 226 5895
1293 305 5692
481 571 6859
475 1034 3404
1166 253 2370
1034 1000 9017
1205 310 523
98 1028 9491
952 38 2963
95 783 7945
928 342 1821
512 306 5494
569 493 3523
697 885 202
47 300 3359
1098 1003 1072
309 88 751
38 437 5573
1459 991 8042
1122 1206 8196
515 124 2304
293 1454 5797
1223 1143 356
1292 881 1182
620 1215 4202
151 1144 4678
1375 232 6433
978 153 1521
1454 454 3223
929 935 9989
1431 789 2183
170 1069 4149
959 358 3128
830 1259 9933
869 473 3105
1446 963 1865
585 1485 8150
569 235 3402
332 987 5942
572 363 4233
776 1233 6761
434 1484 7273
308 1077 7110
35 1497 5771
545 807 3361
1402 798 9235
954 1498 7668
992 1058 6576
1392 189 2201
342 588 6446
407 961 2332
1135 1283 1288
738 192 1358
981 233 7278
439 346 493
1219 1449 6618
676 623 1935
516 7 267
570 495 2902
522 493 7376
1065 944 4099
107 557 5400
424 434 6184
783 1058 8239
121 1203 9236
1264 1113 1609
1268 1395 4767
787 1238 2337
1010 59 5664
1243 1247 2461
81 1291 7979
440 1277 4689
884 1434 3176
357 428 1698
1076 261 3717
1412 577 3024
597 999 2954
94 1129 1462
1254 998 102
519 146 420
505 973 8030
1037 1085 7510
728 501 5504
1328 1080 1728
3 289 3049
598 961 490
379 56 7561
544 964 9420
560 726 2979
53 495 5102
923 992 1049
171 1140 6831
1003 1078 6919
253 106 2951
876 692 3606
78 157 7093
1079 74 8352
810 1131 2649
1193 271 8192
988 1422 1953
1407 641 6113
977 701 8885
1360 924 7153
64 587 8253
1416 1479 1120
975 962 9505
708 282 4649
1423 224 8487
131 332 7163
742 885 8853
402 1010 5457
969 1006 9477
983 1401 132
454 1169 3756
1448 569 9495
441 1421 8064
60 852 2931
533 1131 1113
167 635 6237
850 1469 9109
1033 607 3071
858 120 67
348 201 3124
34 23 8589
976 69 5133
1418 44 8039
8 1481 7734
499 1345 2405
1451 687 3251
1133 817 1402
171 713 8860
540 771 6720
519 1237 9458
426 1016 7401
1094 1352 6361
435 1230 7545
286 525 9323
107 164 8277
298 1305 1921
495 853 1657
1006 292 4990
818 552 1196
619 1011 4555
975 889 7063
1376 1477 9154
908 1355 7144
382 439 1002
31 1167 8304
1097 353 9863
1442 674 8523
1243 1309 5414
814 1139 4799
909 1278 5070
31 957 803
619 786 7889
408 521 1832
597 1491 9931
1404 1172 5350
1447 481 3933
735 1380 5306
1408 1425 6405
230 640 8370
1467 1015 9166
81 127 2615
77 1160 1864
619 1450 3764
354 922 6349
183 1039 1724
101 529 5619
1238 514 3546
694 687 2008
810 769 3435
1170 1487 6414
756 433 8107
963 431 2669
668 895 926
325 933 6728
618 830 4310
1352 48 2129
1155 760 4409
434 761 6440
282 188 3958
1295 782 6878
14 784 1319
297 1215 687
889 680 7998
1410 763 8918
244 105 218
1056 416 247
258 610 3781
832 1246 2378
132 75 804
35 1320 8118
1249 1305 8696
404 92 325
557 290 8405
1128 779 7467
555 1221 7405
60 289 3445
455 618 3768
471 587 3075
700 1453 6523
1140 1228 7865
531 1359 1844
721 1265 8893
523 13 9485
464 884 7948
1320 457 3142
379 626 31
255 990 4377
225 884 6341
1238 248 8662
1183 1329 3405
367 71 5534
304 1027 6607
987 708 4113
614 680 2260
411 850 2200
1422 1116 7175
1000 1332 3035
253 270 7102
991 871 3087
1279 1216 2561
656 1426 3754
954 867 6487
1432 624 482
39 787 1223
190 631 2752
400 975 5936
749 1436 824
628 51 7792
816 441 8976
1090 1337 5756
926 182 56
1215 673 5058
788 1488 5675
796 607 6718
1111 448 9737
57 399 7503
508 817 6000
440 1340 7569
223 1156 7032
1020 836 2003
1368 1323 4176
1284 431 6936
1479 561 7080
963 1343 6394
1453 1252 7382
378 1016 2501
69 360 8487
1450 1335 9020
111 893 2846
1080 210 9536
463 271 1702
487 995 5544
290 406 9677
93 71 8166
414 834 2023
1291 305 5667
1009 907 8267
1405 1390 5247
831 1103 3927
1145 587 7437
855 1161 123
589 325 8636
467 1112 7154
1363 34 1422
1011 571 3602
1220 874 2110
1137 1114 5167
558 726 6237
124 1144 6137
773 1353 9992
464 805 8513
257 1486 6648
1285 818 799
127 198 9921
301 489 9732
1152 574 3419
620 887 6848
723 1216 3403
169 454 2607
335 1436 618
404 418 2346
593 88 7844
1067 871 7682
1292 488 5083
204 118 4335
237 1289 2825
28 966 3000
1281 12 1072
1148 1273 3008
911 1202 2758
654 1475 5157
1463 784 2068
1179 324 854
802 479 5348
979 1013 6865
1153 744 4070
1406 571 3823
649 326 1952
1434 16 408
523 42 2868
331 214 6388
14 699 9017
1030 673 3900
102 772 1463
1383 638 8392
585 81 8193
888 337 2915
684 1218 1415
518 551 7340
89 908 8392
582 876 1744
1391 1402 9350
141 97 4470
2 856 8764
1100 502 7674
311 21 1927
882 1476 7851
174 582 1470
631 1223 9746
117 183 8200
727 832 8622
516 1236 6384
1358 981 426
577 1428 542
698 1127 1387
414 463 3704
629 182 8846
231 518 9679
1128 1313 9216
1299 795 2563
1148 444 6702
942 480 3165
987 72 6801
1263 1364 9831
534 261 9707
244 537 5661
158 1106 3198
386 1464 6061
1384 304 7714
856 171 5700
1336 1026 3989
1400 1446 885
229 541 4223
147 1065 9497
1124 411 167
413 1124 5749
265 247 3462
522 713 1868
1125 843 5733
965 1034 1732
487 787 1116
1302 1207 5686
917 1309 4110
91 441 2840
1493 426 2809
1489 982 4364
311 371 8670
1449 990 460
616 72 5953
532 1144 8382
1185 1151 1585
533 1052 2130
364 1370 4796
166 638 6527
247 1393 7481
1420 507 8060
499 1173 8420
220 158 3314
1494 359 4012
370 857 435
341 459 3485
1069 1436 5534
556 1436 2940
1277 1026 8406
452 468 6464
1339 404 4905
433 1399 1611
557 703 3044
1435 1313 509
1127 447 9361
640 322 4
227 1379 1687
84 932 3428
954 841 7451
1156 778 6014
1094 548 9797
226 1125 8030
667 522 9173
973 729 6974
16 510 1156
1354 1038 5908
937 702 989
558 698 2233
387 1204 4687
939 337 2395
242 503 4772
963 1250 3215
634 548 3745
1169 1410 2530
1453 217 5525
404 721 1864
468 444 1238
1130 94 4807
1270 1417 5046
393 1132 6954
617 648 1466
868 1158 9279
9 1252 9553
9 553 2705
95 1445 6194
1392 617 6185
1077 132 6453
967 594 3284
1313 433 7107
1433 1387 1010
1463 719 2608
1492 1 1019
1107 720 7829
1059 778 6562
1060 1350 4782
934 881 6080
1006 1069 6722
196 1374 8042
125 1050 9624
74 761 6944
103 833 5298
977 613 4928
121 1067 7564
704 1351 7723
753 632 7696
208 51 840
475 480 6941
1470 845 3432
1108 543 7721
1002 129 3259
29 335 1156
1209 1026 6287
981 499 2537
300 37 9619
1279 207 9341
132 1178 5453
862 1023 220
183 1157 1701
1435 84 2878
293 904 6626
1098 913 3262
1044 181 6295
1329 631 510
165 977 8078
624 336 2628
1406 236 768
370 166 4037
1084 55 3809
68 168 1373
76 1350 3432
5 837 8318
474 306 1394
1411 412 109
1161 835 2925
550 1288 6929
269 88 6644
479 486 9339
934 1185 8209
528 246 3468
751 282 1796
763 1455 3379
1128 910 3076
1163 81 791
1008 406 5988
1004 6 1222
654 1086 1291
267 1482 7329
1289 718 6101
464 1200 2231
1425 1487 4833
215 879 9716
1159 204 8573
1159 413 3489
1189 916 9994
1040 1240 7504
829 1464 4715
750 1219 5623
882 625 7155
335 1175 2416
826 909 1632
135 462 380
747 626 8454
574 855 1773
1048 1290 2750
742 1375 5506
531 417 7586
1306 1245 592
1448 0 4695
738 1483 9500
550 176 1496
750 682 8303
410 173 4416
898 728 5065
1278 1259 5109
152 345 6600
268 1249 9506
544 1096 3376
720 729 2029
564 1412 2167
1218 103 3545
854 347 8371
91 1167 1979
1276 979 5419
1113 1451 9949
1419 897 516
1170 1497 8842
852 1478 5355
166 170 2799
802 705 4876
962 850 5700
902 532 7625
990 1340 9104
608 219 4182
1235 691 4005
343 781 1449
636 275 7392
76 1360 3773
995 61 1074
488 1343 616
531 1033 8526
1168 1106 106
812 1265 2327
208 1046 8629
959 695 3574
1274 777 5991
736 565 7424
783 163 738
101 250 9969
1068 724 4377
277 1017 1393
164 564 4352
1005 1127 5841
1312 764 2204
84 1029 2504
977 167 9233
1143 676 9696
521 1341 1476
1130 911 4539
843 568 9357
320 834 8266
1046 700 1923
162 78 5770
373 580 2508
643 284 4557
685 271 9736
281 788 3168
621 1172 8448
1454 841 9730
1045 1189 9719
544 1095 2166
339 728 5928
462 1209 6606
29 570 8884
322 839 8373
583 620 5605
41 289 8129
109 1349 7862
585 1310 7752
1253 335 3432
1398 343 6355
72 758 6290
454 782 8817
274 1386 2277
1272 69 3560
618 255 2678
850 1433 8174
620 853 8564
534 1397 5408
76 28 5163
1266 1202 6011
1476 419 4272
1486 641 798
1409 260 9670
316 1171 8214
1356 137 6127
1003 909 4738
601 839 3346
1193 1242 2619
872 1063 2851
1283 890 5038
1167 218 1319
1259 974 4529
1356 453 9094
1308 831 6953
1190 360 273
36 714 4590
767 70 8923
1450 171 8143
587 503 2454
214 767 7331
17 1185 9258
439 315 5935
365 351 6272
122 1315 5736
1127 422 8528
931 35 510
1069 790 513
989 281 6350
1128 704 3496
403 813 9820
373 107 9382
1392 1188 8151
166 1049 6985
1255 834 6363
884 200 4440
437 1276 7283
1094 988 5852
391 107 4214
1002 1351 1740
1303 563 2817
151 616 9387
1111 43 1696
30 1136 5282
307 997 6490
118 387 6614
299 69 6139
844 1385 3251
1488 620 4390
433 1349 616
565 804 1384
279 612 7478
513 276 7398
527 781 4650
446 295 5852
1037 801 164
96 1190 1035
590 1328 6025
448 779 4849
801 387 7196
1454 896 8621
499 771 3589
83 326 6899
945 1221 7916
786 328 4619
8 325 8337
398 139 8012
1412 347 3487
150 722 6651
372 1023 778
306 1132 4949
1317 187 9019
625 601 298
284 1346 3296
933 856 8453
1070 1006 4272
572 76 1072
476 782 8452
995 819 2738
441 885 5086
132 1111 9492
87 536 6112
1113 1188 164
1468 1309 7171
432 1061 6727
811 941 6257
1322 25 4906
625 1404 1702
1068 622 7534
305 1393 2075
1063 90 6864
1370 495 2828
1058 944 9035
105 383 4348
838 903 8076
483 1244 8267
789 458 8747
459 1349 3928
575 1463 578
515 870 9986
434 720 6212
1000 1333 8277
278 1285 7672
117 193 8120
295 1043 4218
973 635 2271
478 817 3341
1076 1396 2059
766 172 3640
868 381 3784
1320 911 3058
779 716 8475
584 731 4624
103 136 7204
640 761 1974
340 1065 5925
800 484 899
616 80 3955
116 851 2779
215 984 4499
643 11 7620
1159 1213 278
206 865 9998
1372 1487 5481
297 1083 7321
733 1461 6359
419 1353 6519
327 103 6722
1024 132 1344
762 1161 9556
1388 28 1313
810 157 8569
819 331 4
448 254 3694
918 1194 7626
467 678 9764
1128 8 1961
1197 1057 3452
1344 1 6297
66 47 5762
1207 56 3832
335 226 4532
132 675 4504
1405 77 7021
632 839 6021
1128 588 7248
199 583 7919
627 581 7412
525 37 9645
1329 794 6226
812 792 645
277 1448 1993
1474 479 2151
657 47 9919
21 477 5491
1257 165 9326
1281 806 7782
1104 101 2974
838 1240 251
90 1075 7072
248 581 1109
1270 1379 1736
1013 255 8271
524 305 9424
294 801 2357
396 477 2027
1309 498 7258
218 222 9949
468 89 5743
673 1455 4662
602 1482 1742
1469 360 3775
455 767 5333
185 711 5709
520 504 4966
1116 58 5088
1348 1491 7720
816 712 2347
896 1170 934
69 1248 7786
1063 597 3783
1221 6 7565
701 846 5895
1139 900 5233
896 543 5326
545 1461 1912
1382 359 8304
779 1117 8234
71 103 4598
522 1027 1160
639 410 5348
664 36 7062
1336 188 1509
871 1425 9506
1218 1244 4828
524 1163 9376
153 18 2752
711 136 934
1250 390 722
486 175 7432
1376 323 714
1408 36 35
655 1387 5125
1364 211 3586
286 631 3160
573 213 533
142 859 1800
1316 51 4383
540 1290 4993
999 1481 3475
472 5 5595
1068 357 5704
889 1393 4622
632 277 77
505 146 6305
593 312 6742
1150 1129 7959
483 207 8211
711 1411 9309
779 183 3252
1188 490 4628
1115 1171 1690
1058 974 7967
1104 1347 3386
32 330 2172
1394 1385 2987
1257 1487 4925
253 732 3710
67 1095 3227
570 1153 961
547 288 4189
403 509 1195
506 881 9016
539 1129 5734
1293 355 17
975 700 8590
270 524 3518
924 1338 8684
708 972 7002
1359 1429 5114
575 171 9715
304 958 4973
65 713 2784
1060 187 5649
1147 697 7111
43 466 5631
91 205 5750
1014 948 8369
529 1001 3998
915 1125 8212
1089 902 4898
789 1222 7921
888 1111 7504
1289 794 3854
1341 1048 7554
1376 851 4469
863 285 7882
1186 918 7972
57 1041 4046
388 1178 9540
11 1260 1236
1231 893 4679
1195 937 2147
1068 949 783
1243 912 385
58 604 1458
1369 724 1382
995 738 6518
650 172 8123
516 1341 4448
867 1248 9775
885 163 9258
1180 1212 2242
1335 435 1131
67 688 1752
1063 519 3059
653 588 2592
840 900 2242
510 1086 4396
952 1251 7586
214 873 4410
373 255 5843
154 638 3198
1348 1360 2033
44 1270 5593
351 810 7718
1233 539 8879
1452 404 3220
855 646 626
857 531 7400
1393 822 1509
1249 1493 4101
459 684 6096
1317 292 4927
632 1077 4523
128 1145 5852
610 517 791
1256 143 3427
1337 782 3219
657 425 439
915 1182 4098
767 918 7021
276 1481 5039
1189 877 7496
123 304 3119
1394 1285 1286
627 1239 463
692 285 9100
1272 126 5653
740 604 5093
255 274 8989
1019 588 2175
231 1278 8729
1369 587 7265
165 996 2163
423 72 3798
402 522 8133
188 734 8553
939 1277 7272
1034 788 4081
107 1357 1517
256 432 6210
561 232 9222
534 59 3062
1231 552 7691
1130 303 3611
531 476 1778
861 1332 6144
423 957 6009
103 132 606
405 406 9233
156 355 9428
959 1463 4934
350 32 6101
462 1286 9326
895 126 2076
1145 1212 6637
136 1347 5023
309 622 4922
122 62 8766
21 506 3481
916 71 9832
229 1338 4216
686 1159 7771
949 1355 5533
129 988 5570
461 909 8418
689 441 5728
1238 1304 6620
329 1027 7252
721 192 370
269 1336 25
674 1418 185
890 1394 4308
1405 571 2175
1277 762 1647
1046 84 1928
737 1097 4818
895 359 5926
1084 1091 442
1139 682 9499
620 1427 3087
378 601 1934
544 1382 2453
1226 949 1656
369 996 6239
808 1469 7075
789 67 1849
1254 42 3224
846 1122 1601
1150 1027 8852
730 418 6569
1092 1312 9659
831 1417 182
393 1021 9988
1192 457 4510
1185 47 291
1151 165 2520
370 972 3272
1350 104 5301
125 1145 450
1226 1147 117
944 1352 1781
475 201 5556
332 287 8092
1102 794 9105
1125 1178 6771
468 1364 6561
1301 1078 568
1465 870 3923
636 647 8115
41 107 7377
25 132 889
1019 955 11
1020 289 7155
290 758 8784
393 630 4499
918 820 1992
1095 430 9288
851 86 6467
686 1460 7204
934 270 4112
1154 1315 3441
479 1066 316
1310 1228 6625
397 1487 7175
172 236 9214
1046 422 2856
181 1216 3
241 648 1308
796 676 8663
234 714 1421
184 1141 3533
236 402 7669
187 1109 1882
941 911 4426
1122 58 3247
1317 648 1509
188 53 1460
381 1136 406
445 1047 7493
1344 117 2811
1438 761 8091
1199 957 2234
1158 330 3623
1461 895 1901
153 1419 2127
1272 1313 4934
1397 1151 3901
101 27 7123
1067 515 2279
823 352 3241
1316 309 4209
557 991 6176
297 1118 6134
456 93 9641
32 1412 4422
1293 211 3041
838 680 922
1105 836 8104
501 837 6905
1273 961 6088
24 1246 3977
1219 1484 6410
1261 21 7168
1478 421 8777
368 961 8776
760 601 9367
1198 364 7216
900 1153 6837
880 41 955
308 676 4202
1263 726 5431
0 32 3338
1068 1136 2234
19 519 4773
1199 537 6104
535 1192 2701
1196 1301 8783
1414 1412 4411
782 369 2827
1269 1239 5433
1436 11 8011
950 555 8088
9 163 7895
214 1366 8328
277 187 8485
1292 660 7937
1050 487 3028
23 457 7886
853 1168 1803
531 1352 131
406 517 6103
733 33 3216
1351 385 8791
1044 1464 9979
402 627 2500
1296 1029 3304
1317 533 7605
1169 698 4641
1421 679 7018
864 1165 4994
805 720 74
774 866 5725
1167 1163 9236
1221 513 3410
1344 149 5592
834 782 8491
945 586 1485
155 1260 3853
1249 840 309
79 791 131
850 806 9182
497 1489 717
315 818 1501
655 159 5302
924 699 7726
867 1309 6589
1342 584 9503
560 694 5362
955 444 4137
107 1337 1880
812 1244 8819
528 1029 3065
951 218 4416
1165 805 6788
316 74 4121
207 946 5029
877 29 5388
66 1014 6214
186 1013 7826
1434 179 2192
249 1255 2476
1287 311 449
869 127 1532
603 705 5841
952 1462 2088
767 74 5440
141 82 8062
414 147 7507
638 310 5321
153 278 7422
1175 849 3452
680 710 6621
1260 682 2818
679 1199 3686
282 522 6702
1272 256 9392
1393 535 8851
749 710 9972
627 1396 4475
1165 561 3405
424 743 1392
318 570 3757
1107 1219 9852
1009 364 7616
1102 1498 6713
608 456 9663
846 669 8006
754 498 6375
911 1159 7867
165 149 8885
1498 733 5173
189 1107 1972
497 849 3397
957 329 4920
1435 494 1430
1289 937 4074
640 1305 7349
1192 1177 223
343 1282 1998
48 574 5864
934 374 2530
424 1125 8299
629 1373 5853
552 241 151
636 1103 1551
147 283 1746
582 208 2944
128 937 5643
162 1164 4094
858 394 1638
33 1046 9018
991 242 2149
317 311 4654
823 11 4045
865 651 229
1230 1085 7439
669 388 3697
267 1189 496
707 386 5684
998 1028 2881
4 800 2792
1134 1144 3415
503 1474 5979
1274 212 6188
923 139 633
180 1206 3590
1233 1209 560
825 1386 2858
283 655 1547
475 1241 8481
1448 972 7222
820 1148 1080
76 1135 3394
461 1056 3095
1044 289 6645
271 333 9314
25 614 2505
282 740 8189
389 714 8121
902 1365 5333
92 1105 7905
324 988 4773
575 814 3049
1482 1149 1241
932 720 5660
491 861 5595
990 182 1128
1274 1246 6279
454 1483 7774
1468 888 7770
729 807 5508
34 1224 9902
739 906 8793
553 971 8056
745 819 8861
1491 1373 5131
618 105 9317
823 312 5798
1448 1224 3057
966 126 941
321 280 4756
531 1202 8239
396 172 292
1113 378 9643
578 223 8409
720 1252 9118
1284 1013 3092
772 737 7518
52 1154 6786
1384 885 7564
1128 933 9826
345 1079 8608
887 1115 7454
302 641 3667
269 655 6305
1190 79 2461
96 1126 4166
1488 429 8994
999 1187 5015
740 1188 814
502 464 8534
244 1034 3697
1381 1071 5157
885 1041 5101
923 1109 8290
700 1242 8694
678 1131 5218
1265 661 1909
1067 206 9028
101 621 7359
113 308 6173
1258 553 5859
485 78 5388
172 104 8675
813 1092 1903
816 971 5969
1269 1407 5563
122 169 5685
831 553 1902
159 769 9524
1393 626 5975
1284 1371 3257
916 962 1334
342 750 339
1291 1082 7622
678 1177 6771
13 1264 415
795 20 5832
757 530 8223
1497 455 3781
847 566 9598
1460 1160 1273
22 1437 4050
248 575 5817
400 27 6521
83 603 5489
1348 239 3828
901 259 2001
357 345 4327
1120 822 8229
175 1405 6113
308 1191 5156
1228 73 7092
611 217 2330
364 129 6385
272 592 9199
763 939 4190
1311 792 464
541 1468 8970
1370 1376 3319
1257 28 2024
746 161 1332
869 68 4085
1315 848 2542
1107 211 6918
188 842 7186
982 643 104
861 921 7238
1265 416 7578
1239 232 5726
415 797 7044
606 1464 4517
1424 1380 2780
801 1495 953
363 1086 3916
108 844 9870
412 1452 6462
581 780 276
160 1396 713
272 1441 4184
349 379 1090
312 560 9180
1169 851 1006
1266 215 2552
828 871 3360
501 676 877
440 1319 6161
752 523 3529
891 1200 504
783 1311 8867
553 885 9518
1365 1290 698
285 315 6054
820 670 1722
788 208 921
565 1180 2533
943 1238 7324
332 1293 497
184 1100 8696
845 527 421
941 899 4784
74 548 2367
1051 635 9200
334 462 1638
112 434 663
1435 444 59
293 1269 6698
1143 32 8238
414 860 4194
624 241 744
1432 1252 3178
546 1289 30
1472 528 889
1002 311 1312
84 382 6022
1411 1023 387
35 1202 308
1238 1125 4709
1139 174 1230
1217 922 1841
596 427 4918
935 207 4726
970 1155 7619
803 478 9564
550 1305 6260
852 1316 6449
650 1028 9358
1140 94 2167
665 1485 2825
1366 1114 6608
1435 636 6111
141 1390 1406
736 1256 3542
163 533 5520
84 674 9998
295 464 8725
466 842 2845
493 1418 6764
1298 820 4710
44 1032 5958
434 632 3482
457 1185 8815
258 371 3547
860 155 9203
460 449 3513
431 183 6856
267 476 1198
60 142 2948
518 363 4416
1487 1497 7667
1425 354 3826
1245 1057 2578
937 273 9426
312 478 2241
1472 1377 8867
1062 1035 5013
1297 92 1548
1233 702 3743
1327 939 6739
142 309 3762
973 528 6602
619 94 4578
240 452 7828
548 1001 2250
904 249 345
878 1167 3149
839 903 1892
557 448 7720
915 1 1008
932 187 8352
296 385 9497
992 582 5561
1405 1330 4518
426 291 2761
482 814 5972
1446 1487 1802
751 1134 3982
183 677 68
434 1102 5812
991 38 7148
910 1240 764
40 125 7088
727 586 7822
586 99 5877
1089 769 1440
184 1366 488
86 949 8649
605 724 6525
1273 226 5505
378 750 4668
1218 271 4662
594 452 3767
982 484 4555
1290 931 6198
717 674 4912
809 1446 21
1442 1082 2384
147 1453 1258
982 1020 7011
1346 289 2644
1425 639 9467
912 364 5154
1405 820 3486
438 1226 8217
1017 1354 3000
117 103 9558
1282 1082 6786
241 161 4406
1238 791 2858
305 609 9327
164 621 5043
1274 177 408
1269 1028 1078
1366 0 3217
893 13 6595
1242 1390 3722
476 945 8306
542 405 94
862 1231 269
5 701 5947
93 680 5603
704 308 1102
1308 1237 1352
1273 969 4957
1166 686 424
1030 862 5018
151 896 8133
1413 425 8973
215 610 303
668 0 5184
635 369 8617
311 1043 4952
597 298 980
1482 729 6713
333 1116 1531
227 1486 6142
776 233 1825
60 1227 5795
34 556 1442
1411 244 9011
195 1472 9336
154 1030 7417
250 805 3243
130 940 6886
200 541 3351
112 700 8539
1108 569 1180
119 960 2516
1097 993 1255
608 42 4779
194 733 8086
168 137 5847
1469 946 2490
1372 1246 565
912 1342 3040
500 580 3269
1068 1110 4215
1024 764 6301
697 994 679
947 1278 7201
800 515 8148
1429 175 3073
566 418 6261
1360 1377 7732
662 1191 8047
561 1346 3008
274 1437 547
583 1488 4879
157 1240 3161
898 1054 1123
415 945 4891
1043 1022 9520
862 136 1861
802 188 7677
1276 1210 8671
706 265 3445
1217 472 920
1089 1381 5537
494 972 2158
1268 619 2415
1317 916 4863
826 899 5641
321 341 1388
309 1175 2691
250 83 3875
488 1375 9305
196 280 7165
12 1196 2653
402 1231 8408
493 1352 7891
272 261 5617
302 217 4421
937 1259 5315
1247 1216 5851
291 419 3703
971 1327 1011
753 749 6574
1370 682 8310
972 1256 5557
1180 574 4592
973 103 9676
864 545 1897
178 17 4443
436 646 5774
895 1113 8627
1430 922 6835
1018 588 5994
523 980 1470
436 569 9913
917 225 7225
1262 561 9211
467 1410 9932
510 1149 7621
1162 1396 2258
223 648 6672
318 1436 1694
934 1275 7340
356 288 1598
824 616 8379
562 413 8101
1361 1304 7781
235 680 501
325 1332 7397
1314 78 1394
1055 1288 1563
1448 794 3695
101 1305 4910
854 317 4000
692 323 2232
1069 728 8025
1444 807 1951
1099 1226 9525
724 41 2848
713 66 7021
599 162 971
1374 714 2723
117 48 9490
320 482 9088
1276 494 5631
1351 1222 3305
772 370 8232
593 219 5037
715 77 784
40 1115 3595
492 351 2422
156 1347 4696
740 777 3202
316 794 4250
211 918 6911
524 517 8361
905 1298 3448
646 858 758
398 348 4769
432 1319 7402
110 1042 7628
993 1454 9323
971 135 5962
580 764 216
938 1047 5671
486 443 2022
699 960 4613
509 187 1697
214 1313 5664
562 443 6686
1188 1361 1909
766 1385 2301
1495 1175 7937
403 820 2558
242 55 3895
527 1471 1742
687 1335 7800
544 201 3780
415 796 1451
388 248 4397
840 221 2424
1229 1431 683
250 1264 5517
730 341 6719
156 327 6068
171 142 6905
1305 200 48
201 364 2953
649 1331 937
301 987 5039
1450 230 1237
308 1401 9074
28 1465 421
23 1033 3973
1229 1276 6604
348 178 1986
1231 541 8720
1306 1313 5583
1070 43 8687
681 23 9578
783 338 7672
1475 14 6295
1268 887 8490
579 812 1811
1156 104 5937
565 824 9162
1156 597 5030
183 1259 9477
684 318 986
352 919 7583
1488 1346 2033
149 663 6422
103 207 785
264 936 7263
287 858 5954
158 1038 7303
617 740 3687
208 452 4247
1470 708 507
786 646 7926
1446 1256 5656
848 735 7350
427 432 8687
394 1130 8317
386 557 6098
709 1356 7723
803 819 6301
1040 456 4652
1421 1329 1777
499 914 7955
140 44 2244
206 1480 7435
977 248 5078
1110 77 9045
1284 169 6164
1341 1171 3846
588 457 5919
1022 35 1977
945 113 9115
703 740 3682
1200 323 5849
556 1342 9534
411 1031 6770
1462 405 2120
1241 326 5170
609 593 3702
1103 179 3269
855 1483 5148
1340 141 7983
1296 716 6491
859 417 7408
1400 131 1632
1379 773 2642
560 237 7102
1278 29 5792
1026 1404 4814
885 241 2925
206 1274 5380
270 984 5951
702 1000 1401
1078 657 6612
1284 1122 5891
37 1397 6705
628 872 5880
1323 754 396
446 1110 3664
1491 1053 3311
1099 1414 265
1310 332 3919
1340 793 4220
807 512 8027
171 189 2140
1237 368 8558
843 947 8063
1368 757 2239
566 1104 7384
607 784 3422
942 589 6388
1401 1296 2455
171 364 5511
699 656 4347
437 1152 6605
649 606 5453
569 406 3074
1046 1098 1777
610 572 8892
1157 875 4905
635 459 3376
1171 1281 4027
1490 1137 3740
262 572 9966
884 48 601
1280 685 8247
421 370 6770
1323 1126 8498
1336 949 2477
1202 877 1574
49 689 7318
361 667 2594
427 1369 9137
667 1389 7099
661 182 2778
1399 835 4053
83 1151 5207
474 1452 4650
669 599 7598
642 1128 3958
731 201 2623
580 71 5521
1464 22 2099
1245 249 4519
772 1094 6778
610 1416 6474
796 453 900
792 196 6627
1297 1108 2502
1047 1078 1489
555 1232 2422
661 500 3582
595 535 9516
459 814 4127
410 475 6704
830 833 7924
314 23 2433
805 1043 9762
840 1468 6864
950 1221 6918
499 1498 3854
906 711 8690
1120 1045 4091
1403 704 7977
624 1089 4156
140 893 1711
693 710 1865
869 1259 2231
1118 128 6866
1341 1092 5712
664 1119 7395
978 195 1988
257 1359 4610
553 1481 8983
28 1214 2318
18 321 2230
366 267 4784
709 749 7301
222 548 9354
911 1236 7168
1329 1363 6166
132 408 2577
1237 1461 5265
375 485 537
309 238 9781
815 505 9278
27 267 8507
731 1475 5114
1079 161 3561
948 691 1776
682 1292 6261
1019 223 7679
482 557 5173
534 299 9883
994 1380 9285
972 85 6231
675 993 132
1320 891 7915
398 207 9653
1292 232 5214
862 713 9813
682 1300 1996
1342 218 103
1349 1024 3012
398 927 7015
818 1482 1737
530 724 1387
1141 484 2078
1016 1352 913
877 827 3228
1025 828 4081
406 953 1480
477 854 6391
569 1087 6104
580 577 8122
1446 792 7046
12 748 7134
1221 1380 5901
685 1296 7004
1415 321 7871
32 1129 1421
731 918 3571
1395 714 9378
1178 1224 9543
691 1354 8605
882 1205 7838
1312 913 3722
819 507 7256
644 1294 3103
1156 396 6918
205 6 1578
248 96 6997
1295 1027 5803
874 1313 7460
1122 1463 8235
322 312 5135
184 1402 2388
547 188 31
336 1115 7135
391 958 5271
1228 403 1490
1301 1359 2559
1310 886 3320
684 1008 6818
1276 631 6166
1063 706 1037
1047 884 6660
981 1137 6140
410 884 9682
742 452 6188
689 1168 8690
820 342 47
871 591 3199
840 3 7744
1080 166 9255
620 675 98
83 53 734
774 853 2502
535 687 2415
71 320 4880
1000 938 4861
991 316 895
1138 1103 2680
7 751 6957
653 1069 6763
14 706 2075
214 105 8209
80 587 4358
999 589 2486
652 634 9615
169 895 1926
41 478 600
1287 813 1436
1021 1351 93
1445 294 257
1241 1200 3614
360 324 9653
791 442 3305
414 1152 3289
1113 1136 5460
1377 1329 7213
503 1002 3710
804 414 6106
1108 1128 1297
993 1335 5798
110 145 9550
23 423 1579
838 1421 1872
82 905 9716
276 98 7869
254 365 3408
288 692 5907
450 868 465
1161 295 5355
1174 824 5124
6 1486 2463
991 691 1617
788 644 8624
921 170 2703
718 1219 4739
694 1347 5960
1241 385 9870
1076 73 9241
1435 804 1759
439 913 480
288 406 6564
185 266 4563
1352 1119 7611
1292 1034 2026
703 1377 8449
425 746 1563
902 775 1459
1309 1378 7344
1322 1172 316
1399 810 5306
700 1187 1217
965 472 6309
1091 148 5555
1040 419 3815
100 96 173
80 1211 1692
1268 370 129
1017 937 5787
548 1054 8377
1198 276 9874
268 719 3069
357 349 7132
1211 1101 2351
994 935 6179
449 820 9733
503 1017 1672
1426 342 6126
1441 1210 9074
1443 495 3256
433 7 5033
1080 821 2903
909 134 9951
80 898 5520
432 509 6051
348 1258 3942
1037 1478 7864
995 742 1694
871 123 4969
942 1258 5031
67 538 6039
1227 676 8415
58 1136 6454
1339 1445 2544
662 1135 4710
449 130 5963
836 608 6937
971 1267 3615
1148 1212 8139
1325 254 7405
1053 858 2616
293 301 6487
1107 116 7025
986 38 9067
407 293 2048
931 570 5740
1375 43 9387
906 1221 4274
1379 304 2453
613 1121 8562
1292 1451 8417
1122 1158 6863
557 444 9195
1280 1383 2382
254 141 9372
960 495 3703
1149 769 7835
590 67 9458
86 867 4391
263 680 2356
760 9 1446
491 1326 273
1284 585 9424
1040 448 9331
567 742 9571
1256 1245 6008
126 1446 4551
887 639 2807
394 1463 5419
1193 15 8960
248 731 5275
609 1244 8683
868 351 8999
347 228 3241
754 1235 4177
456 1254 269
407 1122 5610
59 61 5877
1313 181 3965
780 1041 9190
126 760 3553
1365 505 3092
743 967 6452
499 483 2423
342 1012 3281
1310 71 5761
535 1414 4428
1006 1050 4963
179 481 1046
406 839 4182
1052 209 4758
353 444 9848
209 682 3441
1295 892 1066
1489 1121 2577
649 1328 3293
1142 388 8519
645 209 5588
1435 1479 5985
1184 1104 6195
1049 759 7383
1344 994 2986
742 335 8437
1453 727 3319
296 256 6224
432 739 8200
152 95 2298
558 1303 4297
1087 1146 6805
293 1406 9085
268 309 5763
1060 493 9794
1268 1089 4261
1210 1107 402
520 859 5296
64 240 9640
1139 328 9988
411 1430 7
564 593 1676
323 721 2277
1428 708 1515
959 1446 4740
372 1082 8245
659 839 5327
984 1093 2234
572 774 5056
389 951 7344
719 572 8201
1336 1353 200
207 740 6072
691 1340 4456
1474 1084 2435
381 766 7557
61 821 7350
1097 851 7074
863 789 3948
231 591 6837
1421 35 7672
542 884 8467
1481 269 7630
11 826 407
386 400 8598
1446 598 9197
1203 763 6841
483 827 1000
787 714 1485
1283 848 6181
368 138 2610
771 129 6474
1482 470 6941
643 432 2251
140 181 2943
1443 189 3947
61 1031 6722
255 1273 5457
830 864 3566
1112 776 7872
858 345 3787
155 547 8510
848 1362 9403
1189 352 2896
736 901 6203
890 220 4637
54 283 9520
367 308 5423
533 1418 224
1177 875 3093
1259 932 7261
1387 1127 6170
879 730 5635
1478 374 548
777 1444 7768
531 880 2504
957 752 7626
170 506 1375
109 252 1481
137 844 6467
332 1479 6007
416 589 802
268 401 5447
12 78 4307
1277 1379 2460
948 1216 3669
485 1193 8023
1347 678 3953
981 972 2287
270 1271 3620
178 719 7094
1228 3 1613
137 1072 9317
422 177 5643
483 834 3468
1306 859 5357
444 1016 7212
1198 1051 4488
1219 318 6617
200 513 8711
1212 383 7380
228 721 3546
992 1086 6485
902 255 4844
556 561 196
740 225 6474
1292 398 7816
1185 1001 233
1337 202 7065
611 867 4812
782 371 5862
1490 298 9030
941 472 6930
855 1226 8837
145 1329 8256
307 1457 8105
1491 976 1940
234 469 8500
1110 504 8928
12 830 4526
767 40 9866
398 34 9043
356 950 8306
61 1175 1403
1024 587 1687
314 490 6966
1335 657 8452
985 1174 9009
50 269 6711
716 501 2131
195 427 3348
672 744 4856
1122 998 9548
543 946 2934
16 1160 904
477 325 4357
42 1219 8493
574 123 9835
1450 250 3742
869 1 8800
1277 793 8717
1137 399 7193
1397 716 7052
947 1045 8657
877 1359 7579
1488 924 9356
535 721 6562
382 1340 1807
739 128 8039
950 1415 8145
310 755 4912
986 925 5221
40 312 4073
375 1396 1472
148 596 9050
478 50 2226
1432 109 2219
755 1012 5531
837 184 1347
1331 1041 9413
450 1341 3848
103 156 7507
683 123 6532
496 604 9176
679 454 919
74 843 1894
212 1166 320
427 357 6865
751 1471 3648
1415 1151 4895
293 1244 4189
175 1209 5081
1252 521 2850
1199 819 7203
448 247 8765
1358 411 4958
1205 1128 5824
998 647 1954
825 174 4615
474 1170 7006
1019 1388 1165
1262 929 2266
250 315 8512
797 484 6737
218 169 7701
1321 956 9129
100 811 1348
38 128 6741
540 1075 4852
636 371 1120
276 1064 6613
512 1032 3338
635 1353 5644
857 1091 358
825 1325 7040
345 1361 7209
513 906 7298
49 1278 4491
2 78 4
560 1024 6691
1257 1076 3097
1431 950 8811
574 1096 247
518 374 1462
1145 177 4937
1450 785 9058
895 1406 2431
965 511 3448
724 533 4349
327 1397 2281
465 1199 640
1194 555 5923
1144 463 4897
642 1215 7130
1202 90 6791
97 1257 3780
980 596 2211
59 928 6764
124 57 2663
900 991 2712
33 1303 4357
5 550 3419
570 1423 3769
99 756 3642
231 415 3373
75 644 3034
602 1414 1176
349 562 8119
1340 709 546
270 1394 9951
1346 184 6425
296 200 4654
639 1385 9621
1083 4 9133
1466 698 1176
1444 603 4661
855 92 6061
1038 31 1052
533 888 9220
761 1378 9114
649 52 6013
775 216 5683
483 1171 8813
326 641 554
1142 683 2676
797 1006 4642
1023 573 7734
352 1422 2545
1474 1468 5811
384 496 5242
1188 1328 2956
212 412 5051
1286 238 534
682 774 3531
715 315 7414
1431 366 5911
705 51 8663
689 1115 1769
1344 692 2025
720 565 9207
283 670 3138
815 943 6031
976 601 2421
529 1303 6818
1292 602 1020
1045 1458 8318
122 430 6345
164 395 1564
627 604 608
369 311 2000
515 324 3537
899 1402 792
1370 1352 5622
982 984 8852
1489 1441 4962
502 304 5769
713 1460 9457
1055 1275 4707
1066 628 9593
519 1038 5461
45 1494 1033
1305 178 7430
403 325 2230
1482 1176 8238
1494 13 143
1075 670 4665
254 143 1849
889 823 676
976 800 6358
291 1316 5041
649 1027 1149
1077 992 3647
16 259 2263
1060 1363 1117
1280 972 4499
1483 648 590
647 1346 5110
567 1315 5994
1454 1098 4259
1171 56 7217
577 1410 2139
406 903 4637
803 250 1061
157 541 4124
1050 1444 85
1207 145 3213
118 468 743
652 1344 5938
1405 1426 2765
415 955 7764
1158 588 8560
1036 901 1468
1219 345 2787
604 797 5900
877 98 7117
499 1059 2779
97 1254 8294
1125 745 4424
211 1454 4377
898 9 7219
337 1148 2486
515 1049 2056
811 303 1027
1305 982 1309
1017 1380 6351
686 1410 9484
878 479 4966
1157 8 2426
423 758 197
710 999 9668
37 344 9595
500 141 9750
513 378 7463
1256 1037 5107
1115 1059 3362
1403 1470 7462
697 593 7448
791 440 7575
963 127 736
86 290 5317
282 654 9594
1359 841 4633
290 782 1571
707 1471 638
1316 832 663
333 974 3650
422 324 1794
923 463 5200
1475 589 4778
90 831 8694
918 1061 8914
1347 144 118
561 1284 4192
355 1367 4779
383 1407 3733
743 594 7544
256 273 1770
1452 1252 670
197 809 646
1475 143 711
132 436 2335
1397 1092 494
744 1461 6739
336 256 5535
613 1087 7669
1244 1487 6764
768 1436 7706
234 559 2758
274 997 4307
1378 607 8687
691 941 9921
1346 363 6455
1449 801 5826
947 1298 5279
410 1365 7948
1427 856 6712
812 1475 8506
632 173 181
579 1488 3608
557 949 8626
784 203 6243
691 1433 877
1376 1279 6233
1288 1360 7575
728 1355 4294
706 796 9883
385 38 8065
645 172 3890
1266 880 1710
374 1246 6962
1294 359 9173
213 411 7389
550 368 7573
1125 164 3189
846 835 1318
1331 1409 6969
887 738 8280
602 1233 4052
151 388 9439
1184 1475 500
608 387 6719
296 354 7236
110 740 8465
1265 221 1955
1434 44 6372
580 1320 9859
1350 854 6284
810 562 3450
595 270 7412
1068 615 5000
1187 706 622
1130 870 3531
1366 166 2367
176 327 1601
34 1217 9437
216 1272 5082
485 556 7233
70 488 1682
272 206 4856
551 365 2830
1159 703 4855
279 494 6815
601 421 7233
676 591 8724
87 86 7843
231 344 9265
229 306 6805
43 346 3789
867 348 4403
965 635 2574
301 479 7253
354 640 389
187 784 1872
706 920 6367
544 367 9700
1155 282 7096
127 99 4126
669 1266 2323
1236 735 6951
622 401 5063
1233 704 2223
568 488 1216
4 713 9553
273 1125 8839
1121 1215 6364
96 339 2775
635 350 7924
1430 619 3942
876 969 2988
865 861 9952
924 898 4626
1063 609 5106
119 1168 2994
1185 876 8555
764 1397 3347
1087 524 518
1059 482 8646
835 305 7812
1205 1345 3200
644 427 2637
1401 321 6952
940 400 7584
1067 1442 4494
812 943 6986
879 1164 4851
1241 463 1653
1108 18 4532
637 171 718
1446 448 7639
178 980 2002
819 3 457
1258 470 2112
1445 755 2173
1478 785 9290
572 390 1229
305 219 1616
1004 92 2631
373 812 7894
952 1219 9021
354 392 939
156 712 4478
560 335 9541
1057 49 3305
845 351 8660
673 561 2506
720 387 8509
337 578 9282
1019 931 151
1083 836 3175
1062 177 112
1345 486 3083
1049 124 3052
892 1243 6012
1107 549 793
1263 171 4598
311 1205 5738
578 1054 1123
419 1010 2908
308 1421 326
1292 154 8026
1064 1029 6124
1254 1058 271
1481 165 9900
865 518 1840
1422 1080 3276
609 832 5215
938 695 4289
1490 280 5773
495 1245 2282
702 166 8434
861 644 9380
222 355 260
797 1138 1566
1343 113 2413
862 728 9511
253 579 2932
727 1295 2036
93 17 88
1079 1303 7928
132 191 4854
452 1225 7871
429 1402 2484
1134 1378 8525
967 81 5521
396 882 4513
962 263 6575
424 75 6326
353 1361 6230
497 499 8869
812 961 2350
361 932 2430
1380 1453 6774
952 1353 2138
1305 1122 8486
855 916 1671
662 305 3813
444 532 4141
961 262 961
1068 190 7563
962 955 3192
704 1336 2919
288 287 6007
1011 86 8599
1234 1015 2774
738 564 708
788 946 4095
1322 1260 9128
236 1194 7564
219 139 9861
113 1477 5353
427 921 6504
793 1323 3588
1066 153 5053
1414 1053 378
704 625 266
382 89 6243
1007 736 1995
1117 1280 7191
883 335 5965
1223 1270 6627
172 578 9769
522 114 9676
43 792 3567
1131 469 4950
1389 400 5227
608 985 260
289 950 5649
67 679 9133
686 1217 4700
251 129 5681
128 838 7873
1 284 7412
1352 634 1347
1290 737 1686
56 1175 6473
30 110 3966
735 1459 5365
431 1101 9260
1013 971 1354
1235 832 6298
1219 834 660
975 841 5422
150 376 5499
492 542 6969
1301 615 4519
1240 1256 3124
408 1462 5240
700 1492 9988
1495 152 8955
748 586 798
854 669 9352
868 752 6483
115 1178 6078
1 597 7216
419 1080 7554
921 472 2963
213 1093 2756
1387 677 6644
926 1251 1110
994 304 8842
1176 1409 5518
937 1476 1525
249 607 5937
817 70 5785
354 569 2034
1055 875 2281
775 152 6625
1242 790 4984
1274 448 5115
1393 1274 5143
852 1413 4527
1485 1025 3614
1313 1302 1165
519 759 5870
775 843 6715
1213 364 1582
41 1068 9889
42 121 7700
1474 218 3370
888 776 3391
1448 1039 1373
886 607 5026
322 626 3422
1121 1352 4734
699 346 9518
1400 640 7955
513 356 212
123 551 3778
676 1195 2471
1205 618 3679
763 228 8729
812 1206 4918
1019 360 6449
1375 220 6794
1094 666 358
1052 1360 2858
1147 816 1878
1127 815 6726
89 1258 6643
851 418 8185
410 135 8114
1339 574 8890
738 45 4489
353 230 6498
321 239 9198
1387 25 1029
133 999 5802
23 210 6535
597 60 8402
1123 1182 8283
481 920 7063
779 1001 8412
357 365 7181
578 930 6598
303 434 3217
1167 597 6045
865 1240 9492
65 578 9644
510 165 6887
570 302 8155
1129 916 9443
187 976 7929
1350 656 8606
824 161 6979
503 73 444
1392 445 8065
1494 1270 8602
622 77 7286
838 245 3829
326 547 1844
1496 681 1002
1471 1033 1996
485 1413 3583
196 1021 3214
148 404 2799
466 283 8594
11 313 3124
563 1063 5227
206 1248 6972
191 1069 9278
432 658 7504
1001 258 4463
458 1498 2319
636 258 201
1142 920 3651
318 1011 684
728 578 3044
951 323 1634
1220 1054 9180
431 796 1091
176 1031 7341
342 311 6142
230 1274 3885
1390 49 7905
1432 1316 7162
979 515 4474
1388 14 2279
300 628 312
183 607 7890
231 130 1369
848 139 4816
556 345 454
270 396 1709
1066 271 6588
895 104 726
1266 956 5477
490 373 2000
382 836 7377
491 253 7517
1311 165 6695
667 1157 6902
691 404 5649
917 1350 9593
194 1153 3083
1265 1069 2035
887 257 6651
225 956 2872
662 197 6747
1488 323 8202
538 314 4648
343 395 3499
26 905 9064
768 1061 6946
437 1355 7741
895 836 2320
431 1474 2411
123 1439 4536
26 1479 1038
980 280 8497
430 911 3226
1122 148 7565
1435 1163 6721
308 969 8495
949 164 3892
1160 469 7578
81 681 5573
1302 128 8501
482 1241 2239
1328 1382 3639
364 1240 8165
95 143 2825
917 314 5740
848 806 8307
830 26 9519
1263 641 8245
167 408 7124
475 1298 3389
67 955 7132
353 1096 7320
983 476 1689
300 502 6993
1345 1330 7261
309 1231 3224
1318 657 793
1144 874 5222
1185 873 2624
1153 154 9714
61 1048 6103
1182 626 9180
602 833 5953
1479 165 3153
191 407 5180
1413 1223 118
1414 1243 8137
1374 1273 5984
88 278 5012
169 266 8481
548 579 3146
501 255 1234
501 330 257
668 38 6261
795 509 1730
604 307 6658
1115 368 7828
766 1239 3506
922 603 8632
1201 383 222
311 1195 8852
83 931 7496
1385 792 3904
293 810 8286
1149 25 6853
251 275 5868
1153 1239 2442
558 136 9360
79 592 745
214 23 4877
1304 892 4333
1403 1351 7034
802 979 8775
1332 457 4913
433 1299 8588
156 90 221
784 1172 6473
544 1121 2435
851 103 8936
1432 964 8705
808 288 5328
722 630 1690
1405 940 2530
695 936 6600
294 1140 6891
748 745 4529
1406 195 5563
1327 362 7693
167 827 8394
1191 671 325
689 567 5267
632 918 977
238 491 2870
657 392 9587
759 1419 7894
737 415 3673
574 625 4434
1200 1248 4876
783 435 9007
414 731 2387
1169 1092 8035
552 379 2348
1236 810 5895
34 307 349
1473 750 7120
539 1462 7924
1059 1376 8317
758 439 1597
923 1434 6663
543 81 9694
1186 22 4424
850 70 5336
160 1452 6769
290 100 3528
524 639 9258
644 28 8844
1088 300 4679
524 853 5433
954 962 284
1404 1405 6352
928 1279 1486
175 1196 7699
762 340 3873
800 90 5241
579 1058 6926
517 863 3804
562 686 8131
1403 693 1852
926 284 7531
969 503 9812
871 922 5445
983 725 6797
55 803 7121
663 347 288
89 296 2954
12 116 6681
1203 34 2696
1162 477 2317
882 283 9730
863 46 822
673 354 6669
1309 1022 7724
114 405 5655
1411 1372 4016
171 268 8123
995 940 1010
389 1237 2065
1090 207 5718
1005 1024 6734
240 571 8115
749 795 1355
978 48 7819
42 1389 2766
1166 1181 4632
758 1392 436
685 1121 4746
129 237 9378
1241 982 4080
1253 105 7193
1194 457 254
7 1166 5971
104 157 2550
1414 1127 2298
498 1331 3879
962 1496 2695
280 79 4939
720 1363 6585
718 839 1137
781 691 4674
256 888 6788
1261 464 5245
292 858 4930
977 21 309
1151 1492 8892
1480 196 2768
873 388 3631
860 876 8588
934 1165 3433
252 1375 2398
1236 901 5120
1046 1349 5468
905 964 4044
1352 222 1266
618 781 6993
215 830 4086
1376 1253 3934
617 1064 5817
228 338 131
268 186 563
884 788 1973
919 1256 9439
274 312 2051
1103 736 6502
1389 667 9089
1000 787 5772
162 1268 4671
668 568 8230
548 772 5479
6 698 9331
963 1325 29
1021 686 5859
835 654 8630
115 892 1375
422 861 6644
63 969 7849
1300 317 9909
1092 686 8998
1015 749 5103
1384 838 2005
288 630 1300
626 533 1001
34 1476 3864
1011 43 2153
1380 31 5809
744 113 4101
1197 1162 6066
775 827 8318
995 1069 7560
1168 341 3382
787 1289 9381
1002 566 1905
1020 257 5972
875 39 6548
459 656 1747
11 562 3666
723 16 6949
309 500 1274
997 1335 4037
992 1066 2924
887 816 1698
1028 434 3801
916 1220 2465
151 471 4213
770 62 6589
721 1431 7822
99 264 5757
701 48 9702
1497 275 1723
950 1132 7403
120 1118 7467
66 46 662
1344 1392 3743
866 1093 6095
1437 142 4267
708 1038 351
538 691 2969
559 753 470
233 588 6131
519 1333 5483
972 903 2420
1088 321 3099
806 1374 8865
300 403 1821
230 792 3483
351 836 2067
388 598 4175
643 135 5283
1483 1401 2314
1173 1277 5049
634 166 3901
503 1015 3866
1322 996 7178
415 1043 4590
1019 831 7318
1016 531 6480
27 1396 7385
787 137 9542
290 992 8454
1021 284 4084
1172 552 2057
611 151 94
401 840 8367
449 715 3202
1118 458 9074
955 1200 4302
1058 164 3761
478 89 4865
1489 1003 1750
233 13 8079
1075 1477 1997
827 315 8079
214 88 4179
502 351 8827
852 996 1626
99 239 4062
259 1043 4557
116 839 187
1299 576 6960
886 126 4745
903 1390 7022
296 1290 1637
144 1388 3642
18 838 40
1151 1063 5419
72 1248 3687
1156 1257 3935
124 655 4854
11 1141 3996
274 153 2397
1362 400 5900
514 861 6596
867 1001 8632
410 207 9475
605 935 6106
917 1129 192
1124 318 1386
1078 505 5638
984 715 3904
27 655 2718
259 204 345
1316 1114 4034
342 1107 1665
745 402 5075
866 1297 5249
1320 684 98
524 1271 3068
1396 1492 7720
589 491 7590
368 944 8209
36 845 7116
643 309 4915
1286 407 8210
1327 862 8980
806 165 505
847 623 7883
686 1391 574
53 1482 6026
103 151 274
1284 1490 349
717 249 9715
218 1189 707
1448 1306 7001
341 623 9545
475 1427 9835
483 934 9527
428 1409 9519
1458 609 6544
1187 1228 404
296 1032 9399
319 281 8873
303 1397 4958
1178 767 5586
343 115 7640
42 1199 3000
239 983 4764
127 609 9185
1074 657 3613
579 453 5185
1289 94 7530
1385 1047 340
415 74 6132
806 1354 643
475 458 320
447 945
656 667
1451 433
658 1488
524 1306
1400 1380
925 1077
370 666
1244 515
780 281
208 219
1411 939
422 1228
115 32
442 1063
1326 493
1045 1223
1089 1458
808 1398
520 624
