1500 5000
1485 1449 2681
148 839 723
721 55 8137
177 1353 9913
952 499 1515
858 890 371
164 1461 523
1192 866 1889
1183 347 6810
722 1051 3570
1112 1016 3491
52 1467 8849
481 615 165
1181 1372 2449
957 1064 5034
450 99 5107
562 31 292
334 243 2899
1343 122 810
272 309 2360
438 1205 8271
29 1178 2825
610 34 389
1189 1376 9617
828 252 3596
1103 1021 4208
1294 1029 3416
4 175 6605
594 1120 765
1106 908 3342
874 813 2257
987 1121 8959
573 875 6209
3 207 3012
1220 114 6935
1190 48 9844
742 827 1363
472 474 6056
418 682 8826
472 291 2354
514 123 1302
213 666 9452
118 1118 775
1077 1033 6095
1102 25 4883
42 75 8968
623 1095 9011
805 458 2823
1014 710 5855
1412 748 1417
729 421 6954
486 1162 7159
1346 1104 7345
719 869 3701
864 883 7017
360 1048 7603
394 695 5743
1459 911 7022
748 955 455
1368 96 5574
931 330 2333
8 581 8271
561 1120 1044
546 301 5046
1097 1318 1019
529 841 8500
872 1314 7552
194 1182 6272
661 1061 7958
964 847 4359
1494 925 6990
1281 475 5392
1236 242 5569
1151 1005 1020
755 876 1163
419 482 4394
1245 355 8776
155 719 379
1363 353 9992
662 943 2363
638 383 4675
782 863 6676
105 573 560
49 1133 109
821 988 8769
750 1182 700
1123 810 271
1015 1081 1002
798 881 7916
380 1472 4414
1011 23 2370
109 653 9473
438 338 4326
1230 127 694
1377 847 7667
508 31 3743
1082 661 6586
268 1300 6874
1073 940 4831
424 647 287
1359 1389 3975
1466 969 2816
1418 992 717
1276 763 6438
126 58 3043
904 20 3314
1050 1175 1599
613 1327 6424
590 205 8763
1171 938 1147
82 587 8492
780 1418 1412
325 515 2285
949 480 3157
720 309 5370
1142 908 2805
172 1436 4759
1241 1014 4532
971 817 1012
787 690 9438
926 129 5330
313 225 9846
626 1168 638
763 1111 305
86 855 376
1390 1396 8272
569 668 640
1353 381 2597
583 706 3126
648 1400 6053
764 221 9482
443 1162 9611
535 640 2812
801 231 2419
1054 351 8665
1316 1456 7751
581 987 1821
17 466 4595
1100 520 3381
987 433 647
188 1440 3845
1353 851 3293
1433 602 6103
982 1368 564
537 450 2312
544 340 9081
599 774 6543
779 1343 8056
232 158 8001
1472 1222 18
646 1422 490
844 900 8400
419 420 7738
1315 678 2287
1282 870 3869
1443 1373 7047
284 697 9591
834 1332 9565
950 142 5234
50 1389 1297
1292 552 8245
346 691 9429
466 408 4754
263 926 3684
713 1353 4784
547 1031 4252
686 610 4169
721 745 5529
1418 809 213
1372 536 9339
78 927 5079
367 1131 5361
685 520 1164
135 428 4781
1470 538 3407
1157 908 5736
108 626 9159
875 840 9206
661 1303 2777
930 877 5343
141 317 5381
854 713 2065
127 619 80
890 714 1170
1196 329 6939
1118 959 4619
497 996 7480
1168 36 3402
1004 1259 9162
612 624 2307
835 967 2343
1289 1348 2843
723 1287 4885
1474 406 2073
154 256 26
579 1293 6941
1293 718 8813
804 485 9188
514 147 7069
404 317 6827
66 1124 3140
148 1413 758
1296 784 968
667 1 2412
584 1256 2947
1166 1400 5112
776 1006 5818
157 840 2310
615 716 4526
791 162 1827
1093 1057 6582
272 1196 6890
828 221 9805
437 472 7083
472 560 3486
1202 1240 5806
575 21 2176
1183 618 2717
1135 1000 6826
1057 110 6722
963 185 52
1103 280 925
1374 739 7115
1168 910 1474
693 1111 9871
266 724 8302
465 65 779
923 519 3616
837 547 1593
539 937 3986
1484 643 5770
55 177 1755
58 251 1442
447 785 3184
1173 771 324
102 1156 4339
586 904 9475
1304 147 2693
382 1264 8079
1073 64 703
339 304 5602
267 883 501
23 970 8903
170 726 5217
675 479 4777
77 379 6190
206 1358 5617
970 75 2921
1349 895 4405
1235 378 5775
73 1131 3445
271 175 7613
25 834 8863
450 1478 783
995 612 4511
415 162 804
889 999 3711
631 1125 9186
1210 1059 4893
1317 914 5446
89 813 5283
578 161 3192
1496 1132 399
452 477 442
52 1459 2293
156 64 4590
297 656 9796
689 643 8977
107 2 8182
1335 652 4712
919 279 581
188 238 3547
317 1113 9795
476 837 3050
996 714 3843
927 314 3969
780 309 654
205 265 9582
657 507 2870
180 717 1404
1453 1142 6236
724 902 3889
218 254 2019
910 718 2894
1468 181 8729
1296 252 3857
414 957 2596
574 245 6520
916 241 4511
1291 258 5749
20 763 7052
425 1048 267
180 61 8239
1117 858 6737
1350 375 7952
1115 510 7624
652 571 8031
778 987 1501
930 612 7180
1029 369 2171
109 157 6596
719 1336 9420
585 1330 4755
1337 611 6775
1140 585 5730
721 461 9827
562 1224 7200
1455 41 4707
1027 122 77
256 1256 7545
1058 254 1528
20 566 5659
544 841 8193
806 1297 4235
1051 801 661
894 853 6510
1140 296 3110
1256 960 4992
697 1200 5051
61 179 8651
103 1202 3293
405 1075 8348
180 431 3667
762 579 7222
958 1395 5048
896 1322 9785
261 199 9018
670 1197 7731
903 1382 8685
741 1057 3618
734 984 5497
326 430 1918
817 937 9014
1411 1393 3094
412 81 8198
25 519 9634
883 567 4828
958 598 963
19 450 1416
372 143 8539
220 465 8751
1004 309 2549
44 55 2874
273 1476 9085
566 1046 1837
799 814 2584
7 710 7511
170 408 7474
1315 989 8359
1405 36 3680
1062 443 1598
162 1336 2845
881 763 3131
1004 780 9749
1241 71 1590
1028 5 1246
955 1444 9292
1470 1402 5570
1278 871 1622
60 368 5898
1497 1224 4042
549 859 5798
286 76 8666
1184 536 2544
509 1420 1097
17 641 5345
374 344 3964
442 1372 3546
690 538 683
1429 1344 3224
622 1466 1483
500 872 5659
1078 325 6522
1254 745 5117
862 528 9994
1053 864 577
210 326 1170
302 456 7027
1325 1273 7592
889 736 151
443 859 3023
815 278 2749
1314 1410 1143
1171 1381 6088
1435 466 6153
378 414 6708
808 516 8513
885 244 7612
658 1486 9504
1066 1247 1284
682 588 1480
681 1423 5681
710 1376 7290
354 1404 5172
593 520 78
1003 594 962
1432 830 672
1316 691 7403
269 1390 1642
1241 511 9286
1324 1125 2699
140 514 4509
1321 975 995
425 1149 8083
1469 659 8057
1300 796 3469
994 1209 151
827 1353 8301
587 912 3759
128 1480 263
1112 1315 4102
1449 899 4845
729 1123 556
528 1043 5960
672 724 2660
170 1379 2813
221 931 6303
1375 627 8181
1294 1416 8851
886 1408 2645
1118 227 5210
1347 1190 2881
1446 1140 200
1499 510 6044
591 940 6368
1332 88 8321
773 941 2576
825 456 6718
682 637 1178
1433 1340 2392
492 837 40
1484 1186 2176
509 1321 4395
1102 1119 1472
123 294 9535
62 881 8378
999 165 6291
895 1046 3403
359 312 3261
485 90 9083
46 1374 4406
114 655 8938
67 515 3507
828 128 2122
477 1232 6528
143 1076 1502
1005 1494 8235
375 1104 239
1292 583 8218
729 253 8720
49 314 4893
1221 897 5248
554 1292 222
54 932 4279
1012 928 4883
257 1482 196
691 895 762
956 612 8149
901 995 2905
1150 602 1112
442 1201 4978
1351 1355 3355
970 1292 6333
128 450 1255
1264 812 5357
772 328 1139
166 30 2755
631 158 3514
434 279 4982
125 1423 4253
651 1321 6327
267 503 92
358 180 6282
1175 749 4849
83 1161 5120
1079 578 642
956 26 3138
243 1387 9414
411 1308 5909
787 1477 977
826 713 6330
186 643 3792
986 1373 9824
376 341 2247
632 122 7571
528 956 407
388 245 4478
828 790 9092
498 1372 9550
1093 1316 1350
375 378 6618
804 607 8437
275 1344 3023
841 160 1181
388 1487 3515
509 758 6615
194 445 5979
440 443 2965
1087 1019 9463
105 899 9314
54 840 6099
1337 478 9168
657 112 165
283 499 8260
171 1367 9688
1266 1191 6914
315 409 6050
855 108 8110
673 1366 5586
702 327 418
1153 1411 240
524 13 8710
66 745 1064
1379 1071 7451
1204 1091 2738
841 747 2310
145 1202 742
18 626 1268
1196 1411 9620
465 1260 9276
136 926 7851
532 867 9824
1482 249 5612
138 761 2093
942 528 4889
1328 994 9884
500 243 6281
1398 573 3136
193 1349 322
448 531 1020
75 342 7216
122 1371 7935
1410 377 2231
1199 426 2672
769 3 7800
910 158 4404
1278 1433 7159
1389 585 4186
841 1001 691
1316 533 2978
870 9 8556
1355 955 6355
431 999 6923
1040 258 2909
825 992 2546
608 516 7898
941 306 9883
1345 408 4631
1340 958 386
404 769 6944
29 80 7895
1242 1081 609
215 305 2022
212 1264 9647
856 527 778
999 311 9880
559 916 5208
131 228 1800
945 562 4216
43 335 7999
95 43 2747
1442 275 7249
1065 324 8226
191 868 2336
581 179 1286
404 78 8035
259 631 9720
1400 1456 4242
1105 1074 9900
1253 1394 1264
378 521 6614
1427 480 193
385 953 123
283 740 4825
1024 1372 711
1334 890 3220
1177 162 4458
1466 117 5612
193 984 2389
1324 320 7119
1088 475 8980
33 51 8720
71 294 9921
545 328 1782
638 1403 7701
1316 1141 3016
563 1185 5567
505 634 505
354 832 8089
685 1404 6672
1303 432 5644
20 437 5595
1151 822 686
661 683 1531
1489 1348 508
1298 83 6032
1309 778 780
552 1183 4532
267 76 8996
474 1231 9570
329 1048 3379
1074 391 4996
138 1254 7072
993 722 113
1427 579 5204
1316 406 7294
395 1381 2515
195 183 3401
1310 1089 554
300 198 3301
1239 522 4972
645 359 1209
796 1409 9028
1032 539 7141
622 179 9144
1356 972 5386
1476 1347 8947
999 1493 3727
1176 1441 9958
1497 1089 2347
8 863 4296
1124 759 3020
871 462 9380
312 198 9579
1096 467 6888
1232 1398 6273
45 263 5831
121 17 8781
282 333 949
490 1266 4100
984 733 2882
272 310 3564
1439 589 2139
799 282 6742
762 718 2366
402 78 5579
1413 1394 7282
1012 348 6814
498 1394 3789
668 566 6170
218 286 7970
1140 956 3773
95 1311 3602
121 805 4492
682 138 6807
386 1042 4037
634 1289 49
908 839 1602
150 870 822
1404 634 2925
798 1197 6409
374 660 3612
21 137 3845
1158 1398 445
891 968 757
414 236 6138
371 1249 6330
1261 950 1478
179 759 4539
273 894 8696
109 356 1873
743 399 5092
368 745 862
992 893 8506
751 1312 8319
1123 631 9887
1152 1480 7697
322 359 5327
211 1264 5530
124 53 9400
1040 190 2982
452 386 3390
1004 178 8011
23 1221 9736
1312 0 6260
739 1125 288
1365 466 1107
935 800 4578
1426 1158 1931
767 625 3625
858 1496 7370
509 562 5180
710 270 5538
458 244 9445
49 877 8470
1265 845 3294
721 439 8971
237 34 4787
579 1326 6569
413 428 5258
1112 508 6521
313 538 3187
883 1462 4039
1299 777 7931
473 31 5487
1212 57 8243
1331 1366 9656
886 1230 2265
36 1134 6844
794 1186 2363
1401 583 5751
150 1331 8565
1461 329 804
692 492 2685
1134 1135 9203
1278 267 9202
613 1486 6169
772 1402 4006
257 343 2251
1231 481 7212
91 1124 5793
639 321 6309
1136 111 2971
593 1265 2266
1206 386 3039
545 537 4295
638 57 699
595 425 7551
604 1079 6546
1439 1134 4408
1345 683 4836
1037 790 9648
649 248 4906
879 681 4541
803 428 2082
373 1369 2671
448 1391 5711
245 287 8832
1324 889 8439
990 492 7680
1119 124 3892
1347 978 1696
828 1127 1499
930 1014 7512
58 664 431
542 768 8702
590 68 1420
817 2 5774
613 220 1870
1031 625 4843
1271 845 1598
846 1193 244
198 1351 7264
1021 1109 3500
173 880 4553
163 526 9301
1454 1220 1817
695 789 5480
1109 101 5829
1024 107 7685
348 188 5606
464 511 3849
13 183 463
100 334 6655
1391 17 6121
1473 290 5222
679 202 1149
233 1415 7313
1244 274 68
1455 50 3354
730 155 6232
1207 1166 3756
21 889 9829
665 638 3483
1482 1399 664
403 653 4336
869 123 3244
521 832 8093
1321 343 3895
1327 221 3496
508 724 9583
1386 478 2898
1458 1474 2291
1340 1012 4151
1012 394 6897
946 1038 8228
548 1414 2065
921 536 9906
139 559 4189
1166 1447 9537
1330 858 1283
859 1428 8109
474 916 7174
666 480 9880
1026 913 7532
75 698 8968
1098 137 8322
230 36 5987
797 1173 2300
1403 1266 4575
1449 891 1743
486 502 1260
998 366 587
328 718 3587
300 573 6185
740 589 2340
1484 1337 640
118 434 9726
1436 526 7354
316 226 4911
415 829 703
84 485 8348
607 1007 6984
1482 300 1564
511 1151 4371
847 310 1601
881 508 1885
52 1152 7416
1110 427 5003
28 1406 1067
1345 1055 3440
605 15 7053
1494 823 6539
951 493 9274
237 165 4076
1291 1322 1912
738 1272 3535
1266 1346 1627
471 595 3039
967 356 7638
283 1378 259
1186 615 6043
1082 771 9586
665 800 6882
811 1246 2958
791 1190 2320
1070 970 902
1114 496 2268
17 274 8389
944 1297 7926
208 234 3005
51 832 7180
12 1471 6511
1057 694 8851
1048 1295 5854
368 1302 9702
1474 604 4379
555 1069 7412
145 369 8752
943 267 2866
710 1427 6022
1283 588 8025
201 373 6048
327 284 3743
1036 853 473
46 848 9018
351 384 180
1205 507 502
955 579 4236
330 936 1254
696 949 4523
56 370 6351
730 695 6267
1410 188 6499
830 1271 64
1117 567 5595
1064 1480 2994
355 1420 4379
957 1433 5994
1095 71 6097
1301 582 756
842 320 1943
172 396 6247
911 145 580
1463 323 4608
480 1134 6612
447 229 4445
982 473 6176
1283 254 5512
687 1046 2695
912 1199 4379
1466 862 1710
35 1083 8133
1276 309 6560
468 1460 7275
1335 133 4082
512 1197 9892
1053 707 5892
1189 1265 9358
244 917 6930
1399 8 9669
371 1057 2336
893 34 2081
1030 609 3101
498 1177 5533
351 1446 3590
211 191 9476
88 1171 949
90 18 6688
913 930 5023
1066 959 9095
254 1030 388
50 1175 9464
1060 1224 2399
58 1057 8862
746 286 6271
32 223 1715
58 1014 392
1114 1055 9365
419 221 5110
673 470 9593
57 683 6647
1142 180 4830
221 1378 8541
1046 438 9736
997 129 4190
260 1450 966
996 1143 4354
118 417 7512
1306 501 4484
452 1287 9790
791 552 2795
284 441 8140
588 797 748
483 1435 5332
1329 1359 3149
831 419 4994
734 708 1771
1462 1317 9884
1301 825 6447
487 339 5620
1190 967 5083
116 264 8871
664 1298 6539
587 30 5325
167 1320 8026
877 975 9350
1228 1340 8223
206 704 2549
765 1257 5169
297 75 4368
1248 390 8408
1140 503 9351
426 736 6717
911 1273 7252
919 921 7478
1452 924 3699
253 838 2740
297 476 3430
590 1405 3548
241 296 1235
861 1227 396
90 1396 3259
973 855 5064
687 574 4183
62 317 4909
1102 101 5005
512 434 7654
558 1129 4787
688 44 8318
167 1260 102
593 775 9478
845 1237 2747
1042 1491 380
48 891 2608
993 956 9332
320 926 1005
1300 65 9022
1442 285 8463
569 454 3312
591 1140 6875
1253 322 3392
1343 1245 1550
846 1202 4901
699 1402 5218
1126 1334 3446
1287 1445 6943
73 785 2639
937 648 2937
1283 291 8471
256 560 2006
1359 448 7054
1082 1358 7344
56 417 3880
237 1409 5287
1096 323 2768
1087 318 1130
1405 248 5558
112 1470 7301
623 772 6997
632 1131 6415
732 1268 2482
710 90 6182
1082 67 5701
44 234 2652
576 1437 4436
114 315 5267
552 1454 3749
639 1459 8661
65 66 3790
616 634 3014
1048 77 8838
821 887 5580
1183 261 5445
312 1376 2171
118 28 7992
964 1407 9167
1358 781 6250
181 1424 563
732 1298 5419
620 375 4635
1134 982 3902
1407 910 5299
218 357 1612
394 396 7789
1020 1036 5975
525 135 4565
105 817 1719
40 1241 4250
1345 883 7808
457 1012 7294
1153 800 2430
1392 1442 6746
617 587 2383
724 990 9917
1063 89 8728
1091 1321 9904
247 902 9317
413 140 1291
951 1356 8185
906 1340 3091
993 1440 7997
959 419 5180
156 98 2111
1141 119 6372
238 73 7860
1261 808 1173
196 1189 110
446 1372 2329
1061 619 772
187 1182 910
504 1067 7079
961 200 6110
684 441 2236
837 1493 6408
1278 521 7306
1471 870 7627
1452 201 4357
790 981 1524
1194 212 4079
536 571 6243
1476 28 7718
956 1152 8180
442 506 1679
1345 342 1004
1274 346 2459
1158 988 3192
134 1102 4329
367 193 6447
524 1301 6194
824 1102 4514
875 916 3822
621 1241 1102
146 340 2870
398 444 300
216 882 3545
159 288 6559
539 352 8156
1416 449 2887
985 104 2469
1397 545 7227
1283 169 9337
518 126 8007
1309 606 4277
1228 1132 6698
665 462 2097
41 27 4481
210 1102 2367
11 1345 3106
1011 1304 7938
1038 1321 8589
1396 1439 1563
993 486 3330
633 1401 2606
411 229 9601
198 384 8127
520 307 7285
81 1153 9151
1232 582 1868
458 1175 7187
809 535 4624
933 73 7021
512 698 2152
1308 145 2249
1308 494 6569
514 336 1043
474 648 5189
238 1010 9439
1097 1343 4288
1225 1186 5862
637 1479 1007
520 257 1599
1137 1109 9803
1250 530 4820
1332 629 261
1383 231 6195
209 665 159
1443 138 1513
146 833 3706
783 273 3289
233 154 8128
1364 901 5830
713 1115 3903
1255 919 5299
1076 472 3661
229 1186 7758
1436 877 8154
584 1211 1818
1477 920 2031
222 40 9420
786 217 6334
654 242 7175
632 935 562
947 135 8057
1284 657 3055
579 146 6882
837 962 3151
213 1486 5205
820 473 3834
1430 1425 145
1013 729 3876
1233 73 6721
11 640 4172
84 839 9670
742 582 9491
502 1378 1103
1053 383 406
410 615 7215
130 217 4202
1309 220 6032
934 815 6933
1093 1350 3761
1471 849 8373
327 1319 7858
1027 706 6803
1224 988 1997
1468 1053 5034
981 1310 3673
80 199 8213
666 1142 6871
751 1113 1359
388 1281 31
1427 1312 855
197 95 9973
982 522 6871
734 1297 8564
641 304 7404
424 1160 6751
601 1128 3027
1157 1392 8904
785 1257 5512
781 619 4321
527 698 5712
1274 1204 9177
1338 1356 9088
316 627 6108
1080 1029 6780
1287 297 5137
52 9 2281
107 1483 8955
335 1217 321
1139 854 9446
725 1217 8816
524 941 8387
958 1135 8173
523 550 2393
485 709 1077
718 242 6925
783 1090 8988
938 1249 3506
588 1446 9884
3 1229 8054
72 529 2758
1031 702 9569
1352 793 3625
1165 42 8450
1035 439 6817
144 1454 4743
1021 759 9329
1126 1063 144
848 462 35
846 1213 1606
630 671 2121
1187 1091 2742
1275 1107 5815
1383 811 6218
641 1370 1796
445 852 5513
61 1125 6453
853 1243 5071
357 194 8497
1035 1474 2786
343 1224 1897
689 47 2593
1492 270 2102
801 951 8139
418 605 4893
422 61 3031
928 1124 9226
482 1415 4332
1264 893 4520
216 1201 7591
841 421 489
477 321 4960
88 704 9596
679 313 6256
448 747 601
1184 1437 2717
161 660 6930
890 81 1800
33 954 8168
1190 1215 7858
273 1291 9622
668 322 8132
72 1076 6482
1325 678 2149
273 1218 5538
25 140 5220
848 1041 2061
1147 1170 718
777 463 1479
568 845 9222
1048 315 7544
161 275 3257
1037 1048 8657
1305 253 381
487 1360 1384
1443 231 8581
926 858 4845
1002 132 3058
1496 1236 8568
1207 1010 444
206 1229 9624
135 1364 5135
900 213 8063
410 202 5888
290 616 5480
1363 739 1761
755 448 368
1179 127 8639
1457 1327 7426
141 342 9035
78 1265 3383
100 1327 82
1054 314 7423
931 394 8051
307 224 7255
1106 1127 4576
812 1069 5030
137 1265 612
238 743 8460
1334 846 5812
1188 186 9402
774 868 5675
289 106 1202
909 550 5368
793 1436 7031
378 1171 9924
571 131 7815
970 122 7258
1228 1119 1345
883 1193 9703
293 979 1393
1073 259 4126
797 423 8176
92 785 1971
248 189 2121
129 1069 2970
744 772 6688
905 470 5005
629 963 1100
962 1279 7957
1421 1070 6572
992 231 4611
1263 1005 7596
17 1114 5518
1124 1075 9138
1389 1377 8606
1488 65 8343
102 532 126
415 1457 6028
1433 652 9075
628 1292 8841
1487 634 2717
780 1402 2209
1405 1019 9315
614 382 2508
1256 1146 3151
155 1030 7192
229 503 7687
772 555 4279
1138 497 182
435 1410 3650
119 806 3646
973 359 2544
1238 1095 9236
1499 469 5408
1283 1398 9242
1188 329 920
102 900 6608
1184 544 1018
641 713 8576
1422 283 2921
1358 351 4822
1370 882 6959
365 454 1201
1372 963 4331
1094 50 4652
22 1391 3473
811 901 3847
82 897 3593
1320 306 8922
204 1269 5585
1346 458 6624
38 833 6754
319 436 5499
1138 361 858
820 564 9477
33 1120 3870
1378 1249 5971
1404 1089 657
728 848 4588
1403 436 9540
38 262 4658
1021 949 3978
1498 1441 6642
1146 1229 9013
812 1004 8097
1260 1482 9602
1146 1392 9984
144 5 26
1022 1389 2488
613 632 8121
319 1355 8650
1451 921 4871
1234 1006 5064
910 622 1586
714 204 2290
133 1367 2526
694 117 428
581 737 399
308 1091 2538
404 868 8581
717 63 6161
161 205 6480
818 835 6902
137 1358 172
174 1236 2860
1133 1208 2239
408 238 7826
1451 1360 6386
1416 776 7935
1064 1098 4610
1096 1308 3516
743 288 4887
1145 1444 5159
1202 1028 4085
1492 94 102
313 141 8570
1166 81 1740
80 441 4408
1491 1460 5094
1432 906 923
849 1243 9432
1392 318 8816
229 1398 8080
663 1288 6204
1233 1201 4375
37 255 8485
688 710 3628
1246 591 95
896 1086 7976
712 1383 5270
1110 1006 9039
250 11 6119
1397 979 5427
949 1206 5793
177 1235 8272
1339 214 8007
659 435 1476
599 1012 8705
907 686 9932
761 69 7715
896 368 2567
370 551 8361
1128 162 9289
1336 1371 6416
209 845 1270
820 857 7013
1331 309 59
1220 1439 7446
1279 686 5401
1352 588 8985
310 16 1965
1272 914 3644
203 274 231
1492 403 6741
1461 882 3941
479 990 7053
873 1193 1117
329 428 1620
632 1085 1346
937 1427 2826
10 506 7508
142 1 922
189 459 7199
57 873 3764
1406 1339 4377
1210 971 1403
736 343 5228
1010 66 1782
163 1342 2337
345 1096 774
94 883 3974
650 476 9977
1471 386 5102
1318 466 10
1063 1223 7809
1204 165 182
679 1434 4380
196 889 7319
773 1335 2773
1415 770 1910
91 1482 6654
10 501 2953
535 1000 1063
1253 948 7543
1312 552 7628
523 377 6932
517 1175 9032
343 1422 3988
480 134 6392
295 605 7422
1291 352 4069
902 1034 4928
865 618 1307
22 988 2579
901 28 434
1196 698 7311
981 1287 9181
741 872 8736
808 1237 5495
1222 73 6546
1488 1165 9957
78 564 5523
1424 115 1773
175 209 5995
1466 63 2360
464 905 1712
1198 1341 8654
1487 730 1303
28 1187 1521
922 677 7729
685 178 4664
509 515 8819
132 1349 7272
642 555 3887
895 894 5763
486 1405 3297
724 699 6777
116 1268 3734
1393 876 2413
142 999 9110
1168 999 2795
386 1468 1802
771 285 7102
1218 1078 9672
1260 478 9163
394 828 2502
204 39 2240
665 1291 6563
1213 1060 9688
484 561 2533
153 45 9588
1237 590 7645
823 693 1844
359 1368 5408
1071 172 3332
279 1415 7493
1217 1458 3212
651 1169 467
1033 532 3878
451 1368 6242
1000 1469 1253
610 1107 38
345 110 8823
603 1099 1646
440 546 988
1419 244 145
1382 1252 2410
1180 848 8508
1016 197 5719
1156 692 805
688 793 1398
726 1313 6282
1309 1301 2410
433 464 882
1488 26 292
608 343 8481
1406 726 2029
241 402 1242
189 1022 6167
708 962 4524
758 91 5550
205 1416 2430
102 536 7282
664 1284 1510
366 172 7600
172 1025 6442
721 862 2599
714 1068 5338
582 1258 3167
67 1406 7357
385 332 6535
1255 112 8879
726 431 8127
1135 10 5124
1347 1047 1197
1195 40 3550
1201 1041 5922
321 610 2963
885 730 7939
1405 606 8870
752 194 3107
494 601 1152
1336 1129 2691
710 1113 6318
1298 982 1820
879 1013 4864
137 1350 6058
901 1429 388
1054 35 4457
1039 282 1157
1326 1100 8487
509 1309 2825
1429 215 4960
601 1063 1050
492 613 3694
226 245 2123
505 1078 1394
1356 88 7015
1305 582 1796
96 1398 4045
1374 1432 1758
882 515 7096
576 1145 6514
1073 862 8590
1395 308 235
1034 926 1208
117 1253 9370
266 637 6283
1399 44 2966
1137 104 6356
787 1025 2257
1352 55 1120
0 108 5227
204 1370 4133
362 350 9351
505 1201 7931
1230 1421 6935
320 561 3282
199 711 9161
728 879 4816
184 448 5004
1052 368 2553
1 1042 1940
669 92 4750
912 1449 745
364 347 495
71 1485 7773
586 973 1533
786 184 9155
1346 1309 5211
1207 310 7762
705 975 3252
4 1272 78
497 1044 5623
621 564 1034
248 621 9706
181 1235 7233
480 64 2962
83 1001 6880
1342 855 3197
1418 144 2216
877 668 906
1410 1051 2913
554 3 8084
322 1056 6569
65 1133 4426
428 668 7152
802 643 6159
767 860 5130
411 748 3669
1288 762 8136
1490 555 4059
614 180 8322
787 1121 8545
434 1342 6669
27 1043 9303
770 1485 3741
582 738 4397
1178 80 1543
1121 185 3411
402 533 454
1485 1286 4974
274 829 5613
362 901 3676
1179 117 7569
366 1292 1591
524 159 1676
1456 1381 6669
1430 776 8420
662 938 6246
454 303 3131
1283 971 4407
40 574 7005
1042 726 2900
660 1251 2288
1338 377 1474
861 581 3376
157 1081 2514
755 1361 5462
288 158 2128
1042 535 1099
110 446 2907
990 878 8505
255 320 6667
1312 1469 2392
30 476 8525
157 313 1095
98 337 8072
976 296 9975
1438 1185 7056
1394 1181 5698
1292 277 3829
1426 1060 3525
1424 621 461
1314 1087 9407
386 946 6310
1151 685 7479
576 1021 186
64 1380 970
262 1199 578
296 1180 4915
1177 176 7850
384 715 4995
1067 1188 7180
579 1098 4067
741 1103 4443
1154 39 2901
810 1416 6836
765 1287 3529
357 68 7391
904 119 658
978 1207 198
559 373 2937
1221 864 4818
586 928 2381
154 564 2585
1177 918 4266
924 874 7501
792 838 7708
1426 420 3097
492 1361 6913
1133 627 9791
424 1391 2079
387 76 9825
576 563 5605
676 617 6375
625 1420 9320
703 1448 5198
1027 1221 2234
198 90 7575
1109 988 5244
1182 1200 8653
1205 29 2119
362 643 909
205 441 4401
1291 391 7741
287 404 3468
662 1290 848
493 433 2016
848 223 2985
909 1354 82
884 1079 4602
992 613 3430
172 673 9895
328 1333 7840
278 131 6806
1055 444 1090
24 31 7114
1306 1481 7287
104 146 5981
709 1142 2754
1282 906 3932
1206 342 8881
541 825 2256
664 474 209
1284 791 5872
1300 1194 7080
1325 159 8807
691 1011 4553
1310 516 2881
1423 754 8266
608 317 891
539 943 3954
900 664 2879
244 208 7527
1317 484 7356
936 900 4623
743 849 7695
206 1307 2485
340 988 8508
613 143 3193
418 170 7258
283 196 5516
1240 1428 5359
0 710 1275
1266 118 3411
220 706 4391
581 1254 3869
1443 972 8978
791 1106 2377
1163 234 7505
841 407 9716
186 18 354
1454 231 4067
90 1143 2431
1433 465 4546
929 1259 6355
937 689 890
925 228 8451
111 658 7267
1470 1219 4195
700 1410 254
1306 214 1144
1039 224 1763
971 1402 499
133 1468 1187
123 430 7515
1379 323 9181
410 893 6147
1030 1103 8463
1433 1425 2025
644 193 4750
1009 403 4049
1136 1165 887
1118 166 5289
599 419 3948
1491 188 3367
1130 361 8174
1311 733 6652
1003 1199 8776
390 1138 6857
1465 935 1398
1446 522 5806
1450 501 3052
555 278 3803
391 70 1972
251 553 4042
1213 389 2950
1205 308 7465
26 367 4867
944 13 3221
472 682 4218
164 659 2795
326 392 2212
493 1303 1123
998 362 8673
430 272 816
1141 254 7600
9 1133 2928
989 571 308
1027 1171 5995
121 1346 6945
1276 1051 9366
670 175 7042
854 958 3290
502 749 6098
375 942 9586
1293 781 271
391 1012 1289
23 1291 6996
267 1402 457
344 463 6270
35 394 8082
329 526 7729
1374 556 1930
978 1138 7454
634 460 9964
957 1133 7693
983 756 1760
433 1182 5733
1216 823 3269
1286 175 2720
349 32 609
288 1240 8127
559 1167 2890
393 996 8419
190 448 3740
1393 823 2133
788 1200 4993
579 270 8991
1273 1032 7756
48 923 7703
147 1257 6565
1279 1032 6389
399 1228 7537
121 1330 2974
115 886 1986
916 608 6280
317 1371 1030
368 8 1739
20 1052 6435
1393 1131 4985
965 272 9911
1241 99 6950
860 78 3789
536 48 7232
870 887 8778
1161 68 5951
1377 404 8238
0 1246 341
1153 1252 2986
428 1337 1320
691 280 1544
1328 966 2575
1155 1163 3608
1241 864 1392
605 1401 6338
881 1173 4697
62 992 9415
873 1283 2884
1309 27 5808
1304 1141 6466
51 714 1085
791 1152 3732
192 927 204
560 1130 4982
878 840 2906
938 798 7862
96 936 6228
276 324 1956
415 121 9790
1476 1033 586
48 1018 6978
1120 0 4885
98 96 713
766 96 5791
438 1017 8367
50 737 1702
1153 530 617
1274 126 3356
449 1367 344
1248 204 6702
1218 849 4556
72 1407 5932
864 1291 904
989 1438 5985
1104 880 9940
351 299 1186
1111 1414 9783
322 165 9296
620 303 4005
549 699 4333
780 905 3509
1055 690 896
1250 862 2942
1448 356 4560
897 29 9206
1422 495 2146
956 1006 4983
1419 356 4002
1175 136 302
1208 507 3998
1071 1211 4025
107 1493 6509
326 964 51
1003 202 6198
42 1086 3340
789 145 7934
1138 1310 5306
477 1105 9707
1278 728 4831
1085 16 980
576 348 5888
1236 1366 3569
1251 292 5377
450 1449 6517
1454 161 4454
333 1042 4394
953 1408 5804
734 817 8620
73 1245 2515
51 449 2071
816 1428 415
543 880 2079
107 357 1246
1319 793 2816
360 663 3104
114 602 9209
1222 1209 1182
816 274 7581
457 1177 1181
16 1397 9060
1272 668 6055
648 1005 57
141 998 1601
353 813 6085
72 952 9352
1236 1021 298
989 983 2306
1286 1431 2700
1038 893 7514
197 32 6195
622 1054 6249
73 920 5998
46 150 2971
104 508 5560
932 1369 1459
707 331 5751
505 599 3526
1197 585 7046
1151 788 7119
103 341 5172
1263 259 322
1305 1122 7734
683 907 3342
575 1279 9745
328 253 1119
225 939 1791
1213 1025 6485
824 655 787
204 343 2557
1116 497 7035
759 481 8716
822 911 3393
446 1448 7796
66 483 4041
487 962 9934
1115 259 7174
359 753 7512
673 1250 2232
35 925 4730
577 803 7130
1349 748 498
864 435 9976
1223 65 3065
461 1179 1518
1219 560 6505
838 1491 1363
73 473 3008
344 1114 6202
1483 950 5079
274 871 9380
655 55 9594
293 759 3447
719 1405 8709
792 1345 905
424 398 94
1327 1258 8095
1075 725 6275
451 343 3174
543 57 6863
1045 73 9606
417 474 3253
56 764 9571
640 1164 3614
398 384 2337
11 979 7708
1014 1187 6686
346 762 3869
16 238 4253
1333 1085 1728
3 942 2484
1474 1459 3668
1123 1242 719
1109 581 2991
704 620 5796
1129 1133 6807
211 717 8669
126 832 4874
1285 821 906
251 542 4585
1139 704 312
1331 134 2996
848 1421 1445
258 87 6916
457 851 2142
1283 1101 6218
1058 38 5888
1030 1227 1960
1353 115 5277
888 796 8803
754 1465 398
611 953 7561
248 677 1857
1411 726 1611
880 958 3007
720 577 8580
150 51 5933
1213 674 2108
782 543 5568
1454 919 3340
1331 960 7022
227 564 7831
785 903 1477
1008 544 9249
418 120 1309
256 1007 7580
852 1437 4450
746 91 4886
459 413 2783
769 329 5502
1434 1156 7746
976 750 190
181 1411 582
552 993 8857
502 1225 8584
643 658 2105
466 289 7532
254 541 2926
1425 20 1150
1374 1285 9063
495 952 3255
61 643 5363
1062 440 3059
398 1456 7856
1235 504 9793
933 829 2139
555 1302 762
1013 1369 2591
1040 1475 1527
951 1369 2470
372 136 3131
868 1440 2874
569 192 1568
282 1174 2867
760 1200 7493
625 568 3101
1488 1034 4162
1076 395 8357
186 966 9934
939 25 8014
21 399 4963
41 59 2001
1218 358 2074
1016 82 4965
1025 1463 3388
905 252 2387
796 209 7270
622 352 929
229 675 7291
241 841 3885
805 1084 5536
1118 922 4007
566 1006 692
1136 1064 2936
63 347 6359
134 611 4154
1411 1055 1026
783 590 6620
765 548 7861
37 670 8193
1428 964 5037
606 507 629
574 1446 323
959 314 8190
491 518 1198
1466 771 4612
1346 962 6651
961 376 7789
639 695 5397
896 1345 1943
516 938 1491
545 594 7408
128 63 433
478 659 8792
322 1188 1726
1285 600 1235
13 173 194
224 1340 8928
1216 767 4137
788 831 7779
468 483 4951
938 103 3990
1265 1474 1157
766 640 5562
352 874 6895
928 531 6843
820 405 8815
1064 630 7245
413 767 6660
164 367 9327
705 924 8111
505 919 792
413 119 228
719 1130 5497
352 85 5449
1097 81 8881
1228 4 279
1453 533 3690
697 136 5488
301 566 2780
93 45 711
1248 275 1837
940 1491 658
1463 1278 5159
1084 1061 9911
724 827 4508
1461 299 5800
1295 257 7339
1095 972 1066
602 442 6967
501 642 9526
1389 512 5285
941 417 4687
1471 685 3729
684 1093 4257
327 1438 9898
325 880 1858
1310 142 7404
226 1250 1344
1488 1397 7747
3 657 3894
906 734 1204
872 346 8480
166 659 3232
912 1468 9081
1110 432 6076
1253 1379 3074
916 844 789
407 1051 5071
254 482 8806
937 211 6814
1246 26 6252
131 1071 4854
586 90 5035
438 1380 3742
493 979 6402
889 1247 5008
167 1254 8832
469 1136 1005
322 674 4233
1279 775 5588
1163 755 9187
1253 273 6501
1409 1020 3153
752 428 7008
80 596 8616
1436 662 9391
101 509 2697
1345 1323 1505
1106 832 712
1303 688 6610
675 34 4286
371 674 9989
1429 312 9796
442 1169 3247
1487 163 8247
191 1042 4319
435 1000 13
1121 1059 34
1493 53 3120
1096 664 8200
633 730 249
49 759 6604
1320 938 3843
72 824 1852
398 964 3769
1388 178 3381
610 1246 9268
417 508 4250
1206 358 3663
1468 838 3786
455 1397 4287
751 1184 116
1475 1180 9734
68 499 5916
161 1444 103
952 306 2076
985 1068 1459
730 448 3247
1282 1475 9430
1188 1425 2416
1183 1243 6522
146 417 2905
721 525 2231
1257 297 5050
1137 1017 4961
646 698 3007
1238 1425 3818
1312 62 4279
183 1167 669
180 114 5381
148 1273 934
1101 1267 2320
1413 1406 3993
412 1285 358
122 1241 2668
1346 521 2325
975 87 752
1366 900 633
1326 1166 2257
1123 536 1109
871 1029 7676
654 1341 5009
557 757 8370
833 1361 5636
630 112 6074
175 1212 1428
58 536 3539
248 544 9240
624 813 6014
190 585 9720
951 301 4876
1472 1144 100
1299 52 1028
153 140 7100
872 489 6318
17 1061 46
64 109 5939
314 372 2388
1495 471 1455
209 519 2567
1303 1373 7778
1053 761 7560
522 1178 479
554 806 4482
1211 1436 9574
1139 1165 5871
1376 1443 3728
1432 156 6643
1191 110 5281
715 299 1982
1127 931 5869
749 458 6566
1063 132 7700
805 353 6444
1497 1391 2416
918 1339 1025
261 964 1509
171 203 510
1277 1306 2699
1234 972 766
560 230 1828
1457 462 6101
1434 1415 6244
15 564 1543
1095 820 8022
834 1190 6133
1192 302 2274
1427 358 6338
1354 717 778
1314 798 3823
860 1362 1000
344 257 6913
1465 575 9451
1451 1020 3281
1252 1291 4988
1140 405 4157
232 1234 3916
1029 1217 2726
723 643 7992
390 744 3025
1219 402 3757
971 1323 4734
1231 1479 4199
1055 1295 5672
1287 682 9289
92 314 8781
902 1277 7697
50 658 3101
809 248 5472
1253 955 4224
108 97 6720
1252 468 3398
24 662 5535
992 829 1200
488 1232 5971
525 466 6028
459 1331 3757
942 385 5626
757 516 7792
881 1390 3987
873 1067 9822
1211 1242 5117
330 461 1187
57 559 769
790 513 4766
826 250 3778
737 496 6027
872 1167 7780
381 682 9944
1374 273 7146
504 516 9175
374 1424 8722
535 1271 8759
685 928 6496
842 451 114
859 827 3713
1283 378 6792
623 670 6472
1340 1326 5185
675 86 8353
864 45 516
75 949 2272
647 244 5603
168 1058 8792
199 516 6629
67 279 8927
811 318 140
794 1314 3337
1056 1227 8904
401 118 863
573 177 9297
1481 1338 2947
624 1093 456
1357 703 951
255 972 8172
761 322 2168
599 1314 3024
838 1298 9475
1310 175 9524
703 1180 5649
1168 898 1446
101 529 7752
185 819 6922
886 647 7090
771 1255 6135
1288 33 2145
769 1434 9047
210 591 2171
153 904 2891
405 89 5569
171 1428 5260
55 1282 8048
1397 133 9695
515 1332 6032
1219 753 2417
420 1359 2537
980 1494 4972
439 1432 8725
444 664 179
387 1475 3773
456 876 8349
1499 459 3814
781 1257 7409
537 762 8905
861 392 4918
358 1100 6215
1478 368 9275
1362 581 74
329 707 2399
634 52 2305
14 1279 8775
897 1170 6891
386 694 6851
176 711 6176
782 37 8916
1452 53 1155
1456 1088 1570
780 1109 2543
243 1424 1010
993 167 1821
399 100 8689
2 941 4834
1010 163 5960
565 1128 1114
1131 1332 5994
918 420 846
1492 775 8839
855 725 1938
695 662 3530
1018 503 93
160 1291 6503
316 367 8084
169 1321 4365
410 549 1921
1396 996 1134
72 544 6155
1126 108 3562
1329 36 4312
236 270 9554
789 1310 3723
288 42 882
113 837 3037
596 968 2942
51 703 1110
611 419 8459
97 683 2953
122 344 8526
220 271 1766
286 56 1757
318 245 639
102 723 8134
1470 669 9410
319 123 5038
618 1157 8096
90 271 8894
242 172 8609
200 276 4168
59 1238 3802
510 1433 7698
19 3 1862
153 372 125
163 920 5089
199 850 6463
320 401 5101
1320 207 6649
930 237 9242
951 426 6049
895 917 5339
1086 234 5787
638 536 5658
1249 180 1355
84 747 4584
445 69 1634
423 433 9525
262 443 2102
797 1113 3785
1292 73 4925
1127 29 3260
277 600 9578
1475 764 500
1248 903 2856
1381 389 2520
1494 112 1559
897 12 3075
1075 1366 115
1329 802 436
602 1026 8798
1107 129 2575
1141 850 5604
923 1082 8684
705 686 954
1021 1101 5404
87 1172 2362
164 374 9070
250 347 199
926 1051 7219
872 27 7621
459 322 7813
95 602 129
552 1000 5269
1126 1239 694
973 1357 3363
674 86 9770
191 190 7046
179 940 6127
1218 800 582
268 756 6970
1285 1296 3581
671 1356 7332
1297 1037 1723
642 1004 6067
739 336 1010
367 642 2364
609 443 5054
376 306 33
1059 1326 6701
937 853 9090
1235 636 4004
1284 372 7061
855 680 5815
478 242 9455
451 1248 8769
439 298 4246
1171 136 3225
754 925 8948
3 986 5228
57 484 8175
56 54 3464
1416 1177 5428
909 1085 7703
1179 959 3947
67 1271 2602
1246 397 7733
1098 910 7436
1230 251 845
474 1147 6300
1227 1112 6711
698 787 2333
875 444 4506
1487 483 2853
488 591 4038
613 652 5827
1130 798 2395
404 1389 468
751 973 329
930 579 4877
1008 1095 5823
304 294 3557
594 68 2822
359 654 9934
1300 544 6561
808 793 9531
1228 78 368
1306 1001 9886
80 1195 8449
687 1217 9982
829 128 9849
218 479 8837
649 728 279
222 411 5833
39 420 9133
230 283 8833
620 372 8477
1189 545 222
1378 1210 4030
956 1450 9783
255 883 8551
707 1319 7919
863 134 9127
51 1234 2494
718 1279 6555
1311 1289 7812
22 742 9447
733 26 6913
560 389 2380
1224 957 8479
646 136 9996
359 391 7749
1214 131 9075
403 534 8511
224 521 69
1173 1474 4186
1446 850 9334
1162 465 8934
1416 759 1375
754 163 6780
638 1157 2896
1059 246 1566
821 311 9929
637 1178 8099
447 1008 500
104 673 4394
193 1157 6834
1495 1441 6487
1076 906 6501
412 657 8999
1199 850 793
1272 278 277
496 689 8139
1157 118 8200
877 902 1051
955 119 4638
1376 246 5121
200 778 9723
706 1441 2426
1107 1309 9760
342 323 9724
1034 234 6390
691 113 9537
1418 142 7282
1250 288 4444
693 351 2209
309 1163 5398
1240 656 3088
253 1063 439
436 102 9575
626 1449 8639
252 159 2329
438 1028 6512
968 1079 7027
1367 447 2129
1038 16 2289
1421 377 1922
1189 977 6715
955 1314 5229
154 64 8381
1472 1246 9971
948 651 1747
719 565 8684
154 1398 2407
159 1105 7672
1277 22 3628
341 915 3393
952 1405 4930
1186 73 2399
961 715 1457
129 1045 1435
1088 227 1606
1047 684 4314
624 415 1042
1338 601 5498
1272 93 1498
1461 1377 6809
18 1337 7376
531 761 5151
362 1162 3435
1130 1177 9084
1345 1428 8630
455 1338 6872
277 817 4610
849 914 6880
659 721 7033
1026 166 912
642 444 1781
1300 563 3433
182 1383 2859
660 6 1317
514 432 86
927 1479 8441
786 21 9048
1031 1312 6560
1104 672 1845
868 715 5961
771 674 184
827 278 7951
629 368 863
1297 484 2235
734 293 8888
437 1185 1348
1175 1133 2101
1076 410 775
1458 1144 4415
737 495 6376
984 633 9935
347 571 3796
1036 812 3396
612 314 168
1382 1384 2226
807 1140 1272
936 1068 1662
229 337 9073
1252 756 672
1147 708 224
142 268 1482
1279 1150 9891
32 378 9116
779 1282 2628
1082 874 7365
6 1186 5747
1250 1128 8403
1106 182 2087
322 1463 2668
798 843 5377
125 409 498
1014 352 5161
1153 171 5038
1088 738 8989
846 1078 5014
1153 668 3742
658 1308 7970
1316 1239 6663
1332 274 6390
156 724 1847
563 505 1349
891 1033 6404
883 244 7876
1135 103 9169
450 369 7532
1040 1038 3373
669 234 774
1117 224 1927
537 785 1069
1112 577 6561
986 1260 7649
297 13 2788
500 776 2003
793 1287 2111
294 10 945
1355 541 5742
1167 125 7878
1288 1307 198
918 1183 1241
976 1306 3452
1444 1273 3670
226 303 926
1036 607 5825
1055 17 7588
338 1388 3157
827 585 9255
1108 838 7058
994 1193 8528
5 305 1790
969 1388 1189
1309 1015 2908
1096 1260 7441
1030 439 7960
1361 537 2864
610 560 5408
275 186 1314
488 697 8486
435 707 2389
1249 750 6099
1428 1492 4546
513 656 8287
482 322 4780
691 1158 6500
315 1035 4641
496 582 9344
1117 1313 7812
56 1121 4944
1174 868 1723
1417 1203 296
934 541 1872
1428 1484 6655
745 1163 3850
650 1310 9314
280 909 9783
974 486 5346
767 1467 2804
299 1349 9699
1451 410 818
600 610 1
273 1234 2654
96 1089 489
1 1460 5350
437 1220 549
1012 1064 4149
1073 1044 1071
738 103 3896
1360 1266 4568
1089 44 782
326 925 4361
1282 157 7834
329 1250 3349
779 168 8144
1103 121 7243
1096 314 2146
491 196 3357
363 606 9492
558 217 1443
353 1219 3605
1460 519 9261
1123 1489 1132
1221 314 6940
379 1175 3690
1335 1466 9213
1151 569 7547
1379 58 2333
482 868 239
1027 353 4248
603 1415 5393
233 792 9579
1267 717 5245
1102 367 9228
314 1345 5933
1304 1087 2508
204 73 3675
1119 408 8248
1177 134 926
1331 639 5644
993 691 8893
699 80 6006
1246 1457 6054
900 953 5386
1195 1335 5429
818 987 3493
278 779 5136
406 1231 5119
1421 522 9070
277 236 2018
811 110 2669
1118 1179 2039
1020 310 566
218 351 9275
279 862 8115
250 652 1295
1141 485 8086
759 947 3182
391 5 4336
1400 613 17
1341 1095 6741
365 742 3953
1489 995 2854
541 1115 3761
1256 1112 3277
1284 879 369
416 620 8955
354 1440 2976
1005 503 7707
582 216 2930
1320 1448 8408
206 1137 1094
722 916 2062
154 97 3624
648 1494 1332
284 1040 134
752 566 324
830 958 2153
222 341 2581
546 1329 3897
615 925 8581
175 1261 3383
1398 1012 9848
591 1400 7581
669 700 3348
527 363 2615
465 856 3794
769 721 231
1080 301 4030
1367 580 9602
323 1309 8908
451 61 9547
299 32 2752
146 789 9074
1122 1403 6069
109 265 885
389 886 8683
980 1493 6051
973 976 934
1197 801 1248
1073 7 4836
1365 46 7898
124 241 1367
296 970 5558
953 704 1738
504 839 1183
674 1389 3800
1244 1016 4330
334 1331 5915
97 970 6166
234 946 872
1050 1029 2940
657 795 9016
1279 1362 9279
290 561 4007
951 362 8357
1080 910 6416
1086 1330 1957
1002 195 4319
230 639 4416
1318 671 2185
206 1447 7822
1222 563 4860
912 1008 7542
16 681 4325
120 1354 9400
475 765 49
1080 1206 2909
1 813 4092
1149 422 179
182 1259 1224
687 364 4898
553 950 8311
45 536 8705
356 1457 8362
564 1049 3011
19 105 8769
666 19 5632
35 351 8634
1196 628 107
1193 236 6282
1272 611 2529
142 904 7528
1376 1111 4386
311 614 2036
587 821 9503
410 1003 7672
740 1297 8652
1313 376 2792
466 274 3884
679 749 3240
1480 777 5445
1125 571 6767
1316 659 8301
905 1421 3341
301 1243 7100
1451 1433 3828
1018 349 528
673 178 1501
1088 916 5432
508 1072 9720
453 1417 5511
895 1448 3084
148 923 3671
870 1058 7880
90 1034 8121
143 428 7891
131 976 2276
1095 1432 8938
968 1188 5525
1113 1067 8850
785 625 9289
330 223 226
263 1431 4
678 757 7047
399 1319 1855
738 525 1471
71 758 6150
1417 588 6569
565 672 4611
1358 791 305
27 1233 6126
157 168 4065
287 1488 6000
541 46 1352
380 479 556
1484 813 5171
679 386 8878
668 131 7822
655 824 6340
506 204 5750
524 938 7915
907 754 4082
1182 514 75
1180 226 5581
361 1108 4395
428 1124 6197
1407 1469 8308
1274 219 3925
427 1297 6817
1466 355 6625
1339 1238 8565
513 990 8748
203 920 5678
578 867 9723
1316 657 7942
1463 14 4140
164 270 5415
952 986 5849
823 1498 6149
360 1054 6668
1344 417 7405
790 73 7975
947 1232 2341
148 1417 1558
456 203 8997
680 1059 1753
1027 159 5754
1103 938 4155
1241 1314 3657
1287 346 6341
1305 603 1621
183 1186 8678
433 644 2916
1478 685 8107
776 382 3644
1318 617 4152
428 146 7108
842 481 4264
952 1133 1284
606 420 9081
1290 408 1008
1002 191 2161
334 787 153
1212 528 4268
248 483 4513
194 1222 8404
1087 346 3814
1340 990 9403
1219 695 67
970 421 3085
1396 1062 6883
1008 1020 4853
1041 1031 4887
1131 710 1922
265 372 2589
1289 1036 8577
568 857 1715
650 822 8685
1383 1122 5706
985 643 5328
1132 38 7284
1325 1173 1703
1172 250 6098
1050 1084 9711
719 174 882
585 874 975
690 792 9296
1012 1368 6613
850 146 2477
45 560 2442
894 187 7949
339 1385 2140
420 1312 4986
1008 1150 8904
1068 786 9465
506 252 4320
1298 897 5679
1055 605 7395
1122 1344 6914
901 1262 5633
1408 590 7401
1095 1266 8855
1000 1477 7501
812 287 9539
222 1362 5903
1142 1190 510
643 937 8841
200 787 7216
562 1419 1010
793 346 417
1439 1094 1576
1035 391 3188
669 915 1607
250 1304 11
1252 908 945
720 915 4477
159 297 6626
205 1126 1714
987 1032 4821
676 1235 3833
681 791 8681
1139 79 5876
902 438 9320
706 484 4564
1450 658 5957
1308 648 858
1061 1180 7964
1201 628 2691
538 1299 5704
1217 439 423
174 1195 4360
1074 18 2625
424 522 520
507 26 8930
1181 433 6834
307 1036 180
749 31 9211
573 1084 1964
505 965 6865
676 1178 8372
891 329 4576
1428 857 8302
10 255 5067
1186 539 386
1012 547 5203
272 1317 81
1353 779 7070
1434 1410 7079
906 40 4582
1492 720 2106
512 1069 6630
599 91 4586
1375 346 9177
891 965 649
1351 1328 5682
694 986 7714
1359 1133 2578
1119 588 394
1450 805 4629
647 1162 5539
607 931 8830
51 1373 8277
1207 425 1736
442 1080 1022
216 190 1224
548 22 8642
314 499 6419
661 204 731
538 514 1076
632 655 8762
940 368 3616
751 960 9690
358 1253 9613
1319 183 2575
1065 242 2127
1340 499 2799
105 752 4339
1208 46 5419
839 592 5369
1332 403 2594
50 16 6016
723 36 8946
1432 492 1541
831 147 9734
1441 14 4597
954 381 6196
614 1382 5048
934 306 4685
819 648 4665
103 1056 1537
1044 998 3388
1292 288 9917
619 1003 8814
33 520 6848
224 1132 6112
1420 1062 525
397 579 3361
677 518 5781
37 1129 4258
1489 1389 9767
473 1454 5565
1017 701 1743
1394 620 4995
612 807 4898
822 875 9711
235 1362 9684
987 52 650
1344 789 3889
483 325 5052
1199 1421 9287
207 427 1952
1353 493 7063
928 1048 6135
41 834 1978
333 243 3032
595 1360 8363
74 926 7486
1406 82 3882
1188 730 3966
1387 1116 4556
1412 1197 9305
674 1103 3539
1466 655 6469
589 1414 3905
1413 542 5097
455 214 4900
65 1077 5081
1182 133 3581
547 958 1187
1043 82 6562
294 1349 3185
1344 135 4196
96 1170 1277
485 1481 8638
958 1048 6025
692 1386 8793
136 599 4419
1307 1373 7701
95 1364 850
78 149 3841
299 306 984
1203 1048 5844
13 345 4639
722 764 2927
190 117 5321
747 89 6185
513 1133 2617
536 1299 4921
1496 282 2122
1132 1044 7478
537 542 4015
1257 572 4605
101 1302 5312
354 887 231
243 624 5406
714 1449 2462
1384 1066 2627
1297 189 7285
488 148 5939
835 460 1811
1295 418 3251
1244 114 9508
12 1188 2347
560 1258 5758
813 516 7808
1175 1160 4116
768 1497 9528
192 298 9694
1448 739 3964
44 111 6732
928 44 5772
1142 791 2932
1432 1470 154
636 730 6993
183 736 3751
286 989 751
1068 212 6515
399 95 8544
887 635 7106
89 348 3856
839 1067 8054
653 16 1073
336 1277 8489
1495 364 6530
878 636 9652
453 411 4579
1205 1354 6890
959 961 8097
709 1087 7409
628 248 2843
502 1055 7452
976 814 9678
330 187 2840
1354 766 2733
1459 751 3088
356 358 152
1120 1141 9705
393 184 6862
1283 742 1580
1084 350 5921
868 402 3321
1293 1223 4849
1196 805 976
1447 1236 7350
1029 64 8810
391 265 6411
1380 354 190
1000 307 6393
1286 232 9350
529 735 3200
1337 1061 4099
947 1430 9530
592 602 3586
976 1224 8241
1028 1174 7423
1423 1004 6934
145 208 8089
1232 1343 9444
309 1126 5131
435 1143 701
44 848 2953
1493 317 9949
197 1262 6983
1478 59 5935
363 952 7869
805 947 2741
685 44 7956
1115 1359 8677
424 473 7053
477 440 2578
1285 1123 9428
553 407 3211
578 11 9954
180 233 9318
1089 1416 7577
1322 970 8844
371 920 685
531 339 4140
558 1108 1382
377 390 551
836 630 6496
195 1212 9722
136 239 6144
9 1299 8594
881 813 6793
95 895 7751
143 707 3630
157 822 7845
1331 15 9964
1207 858 2479
133 88 4638
249 502 1134
536 1166 5406
602 1098 5034
30 622 6358
826 195 8077
1441 1451 5202
1038 220 6743
123 484 1526
77 359 599
1211 229 6601
473 29 5003
242 502 2971
396 1281 5232
1114 944 8308
243 1356 5848
1071 191 6625
738 624 1322
838 984 638
1423 492 6090
847 1488 8343
793 1157 6754
437 1019 8698
514 1200 4299
337 1463 2660
772 1327 3831
727 330 403
279 784 5179
1193 1224 3250
1492 842 117
1333 892 7166
1193 1207 5507
198 322 5418
1106 1243 7062
452 1081 2275
1332 1105 7260
563 1288 3326
288 882 9645
1155 415 6466
198 1079 358
445 514 1769
872 865 1488
568 847 8318
197 701 2104
522 865 8861
874 5 7069
1457 864 6195
507 255 5825
1381 1367 3377
184 1068 5269
797 500 3579
109 13 486
1154 561 9981
404 550 2492
768 918 2505
86 682 2370
1269 1065 5694
1400 666 2494
676 313 7687
671 348 2362
1302 130 9880
231 1044 7718
0 929 7117
1268 897 7613
129 350 5821
918 194 667
260 332 5207
1395 989 6671
425 603 3725
797 1369 2191
966 1064 4692
975 371 8943
1137 1299 8670
996 1396 7506
679 1133 2220
532 1402 8929
90 1249 1805
596 90 4855
1294 478 5734
36 763 3741
1260 333 4990
1221 1423 5939
374 930 6855
456 1248 2569
842 526 4275
259 716 8850
1428 573 5324
502 330 8212
552 64 4945
692 1162 1786
36 967 8088
334 1380 8141
34 259 1353
233 147 2479
1089 1126 8337
1029 652 6923
1137 334 8065
1402 959 5187
343 1449 3042
317 22 7829
637 610 776
168 431 9425
802 708 6242
778 365 597
534 84 6656
1022 1133 1009
2 1158 7002
1306 952 756
1425 603 6315
1021 408 9286
114 957 3829
310 667 4850
928 399 219
1280 811 8559
1322 371 2456
1420 638 7560
863 561 402
406 185 8471
461 18 3343
99 1064 1858
1161 1273 3773
1126 104 5065
542 1314 2436
634 787 8836
1227 737 9757
312 864 3248
265 1417 1354
353 1134 7821
1434 394 75
850 349 5267
832 378 7453
1297 470 2262
1293 1032 509
290 494 6756
547 2 4444
1005 1392 7086
436 1280 8150
1493 1294 84
647 1241 3864
1353 107 2599
932 1270 1693
1348 933 4452
868 131 5270
1082 1136 2815
884 1028 3083
1390 739 4336
508 1042 871
486 1113 2586
1421 458 6907
315 1075 6176
1460 1122 5898
631 300 267
186 556 3017
762 956 1552
753 255 8903
1284 710 4957
967 1408 460
965 374 5185
809 566 2616
514 231 6203
1073 439 4232
1047 400 7116
1223 524 2546
94 1344 7796
1283 633 2947
1466 577 3696
1106 1122 2317
909 1445 3162
377 1064 4215
1282 508 168
1188 857 5648
25 459 8320
1072 506 3509
59 1157 7992
1138 1252 678
365 1147 5867
23 828 6249
841 1241 3748
434 460 8140
1345 438 5018
1443 1261 4897
825 445 1129
527 1362 79
401 1374 8849
380 1167 1422
1292 279 3114
637 1387 8091
609 1460 3385
535 1092 4119
567 832 5360
884 314 2810
575 974 3588
414 508 5196
553 89 6774
781 664 8779
375 1458 5147
974 1391 6820
71 1006 9639
404 447 3152
1135 945 7987
1195 56 9181
628 341 639
1053 1168 621
1254 527 8103
1240 967 2779
942 187 4321
125 350 1886
426 166 9234
579 202 43
104 908 4118
1484 1345 4506
314 929 4166
659 453 8405
256 112 920
130 1273 1973
749 479 1957
382 532 2765
503 840 6241
537 1430 3451
507 828 5573
391 548 9956
912 969 5294
78 1116 2507
523 679 4870
1457 789 894
387 972 193
1478 630 3753
693 386 8133
297 729 8058
862 1387 1706
10 370 5213
303 1328 1017
909 858 3550
1364 558 5828
725 275 9740
1295 446 7359
762 1041 2160
1104 1176 9087
287 979 7298
1050 428 4857
856 1402 7871
836 1455 1742
1133 1065 448
506 593 4164
1158 1327 4146
115 31 259
991 745 1799
176 238 2986
336 897 700
805 130 6429
964 293 8666
567 510 9086
654 22 9777
548 27 9903
787 574 5091
1460 1101 8218
567 1064 1231
1451 190 8163
248 996 5745
664 733 8915
1472 1172 4257
1381 439 6489
393 735 9112
842 795 8113
853 452 5730
1004 1232 7436
479 1033 3597
56 142 1129
133 755 6976
567 402 6439
180 1371 8362
1042 1062 547
987 1231 3085
559 1470 1777
696 1445 7125
936 1447 4560
1321 468 8235
639 827 4789
342 1335 1137
259 494 5277
1192 592 7993
1005 1315 1262
482 143 2856
731 1341 70
108 1187 3464
459 150 4580
319 1485 808
659 1003 2657
1037 809 332
1491 825 3166
1307 1437 970
19 311 8121
335 942 4362
107 785 7896
1310 830 7143
367 1408 4105
477 311 2805
1000 1403 599
579 260 5912
277 226 2678
240 442 9996
1121 1386 5658
633 339 2963
833 137 3169
1294 486 3693
1323 956 7114
549 751 2429
1271 833 8953
626 1353 7151
380 874 8100
548 3 5053
1443 207 1174
347 846 8827
1190 56 8054
452 271 4465
143 960 2281
1259 589 9517
781 1036 5456
1208 1435 2371
858 642 816
1002 1207 4689
1374 709 9199
1480 446 690
1234 454 1439
342 785 3476
1195 1474 425
284 547 9058
1027 751 1686
86 58 986
1346 117 5192
470 111 2053
894 385 7970
1017 1029 2510
902 1436 6614
843 1386 5268
1476 461 6352
985 858 6787
163 850 731
549 532 3957
1450 594 2913
170 338 5339
350 457 8484
753 387 7523
836 309 1283
1123 1278 3222
1374 201 6557
305 1123 9266
195 1125 5788
141 874 8893
661 1006 7086
1435 686 5180
1209 619 3257
55 1115 3360
781 1265 123
696 569 2766
762 483 15
506 1208 1858
794 1299 2322
1310 814 3686
332 732 6485
509 1178 6203
1034 490 5283
963 698 6978
645 1198 4458
1030 141 1422
1371 1165 2352
1401 1180 6106
382 51 8390
1366 1226 9587
243 700 1633
1441 348 4929
1292 910 7324
240 1123 3535
1320 110 434
1360 1315 6069
186 1354 198
345 494 4916
123 63 6395
1086 500 1920
539 959 3688
340 1430 8157
801 821 8294
333 1151 2665
1405 795 2401
345 94 5320
245 86 9258
446 467 2216
600 499 9897
40 705 3509
829 930 5609
328 1351 8913
422 1277 5266
429 1024 8761
1048 204 2918
30 1005 4329
447 755 2949
944 16 6031
734 796 9478
1468 1254 8490
127 1398 653
589 1318 7374
1378 680 7677
1484 111 4555
1058 604 3557
576 28 5045
1304 8 4618
509 78 798
201 976 770
1470 684 9992
1395 674 763
681 285 8888
1324 1459 7951
1093 150 4890
1031 1010 1392
1420 937 2803
271 314 2730
328 724 408
1191 1116 9315
575 327 4581
389 1228 6569
563 758 6887
536 878 7921
1332 1153 5340
888 1406 3576
1434 793 2980
167 1375 6532
869 1300 4487
636 763 2323
717 462 2706
1101 84 5105
943 1391 79
1213 1336 4532
1034 3 8707
1246 1496 9250
830 1084 3230
842 387 4561
1383 1266 3025
343 1444 284
797 1134 9673
1384 56 9841
419 1456 8183
833 1066 2640
865 1406 9778
1025 975 3988
432 27 8330
1424 1028 5863
1025 512 1927
216 1314 5651
787 734 781
666 0 8145
300 194 1817
681 339 3453
736 1150 9183
283 1244 6293
330 1236 7217
1366 333 1666
86 623 5148
393 1004 3649
937 462 2248
241 424 526
1436 1482 9891
528 1123 6859
93 1021 8738
1110 801 3692
18 670 8005
103 511 1249
580 634 7400
31 525 6614
1449 843 7743
720 994 1851
997 811 911
987 1266 1136
719 1190 4944
571 1013 4334
509 4 4997
894 986 670
501 478 3548
7 116 9661
88 627 2817
1436 1 2977
247 1306 2668
150 1234 4453
1410 1469 6252
81 1484 101
1037 224 7626
1038 420 3077
688 1271 9382
548 497 6389
517 1207 6314
462 624 7418
85 194 4128
837 885 8004
562 1280 8141
920 81 4611
1193 220 3632
1492 807 8638
649 1131 2865
1002 582 7927
372 1017 8321
1230 41 5711
167 855 2616
1173 407 5762
357 981 6547
1325 1255 578
18 559 1205
1446 775 8591
1005 476 2428
1022 560 3181
215 1239 2738
321 1035 1195
359 54 3073
292 1495 1420
258 1161 4015
899 97 2896
1001 1035 2234
998 1097 2320
1155 1337 8265
360 1296 8718
1409 375 5255
423 272 2036
1289 989 9028
607 172 9746
1259 1103 9403
1105 483 6284
694 751 4894
1181 1262 6630
1141 559 3985
1233 378 1224
795 39 5464
1311 258 5370
239 843 298
1379 1170 9232
1281 0 1734
227 1471 2049
1235 1313 5872
1364 628 2969
124 904 3887
1377 1148 4547
128 1228 1662
603 247 2196
469 430 3844
305 199 5118
233 1350 6556
1170 1024 6334
490 1087 2347
1389 856 872
822 629 4028
160 56 4442
1004 579 5044
1442 669 1617
1437 653 3387
1117 666 3098
842 1352 9882
7 357 1136
1264 523 7600
489 97 5777
455 1016 5206
1058 1388 3213
446 987 4947
970 1385 2448
1046 570 7852
690 1430 4642
986 464 9051
1444 379 9164
232 920 8273
463 964 1217
31 515 8481
531 842 5724
479 1439 1999
1463 993 2789
1396 210 8135
1309 1365 856
981 371 5666
968 111 8242
289 263 5012
1379 1481 7219
802 1401 1596
1332 1053 7830
650 901 9963
773 1064 8833
385 1314 3082
1149 52 6050
715 11 6741
1228 657 6786
710 652 1628
1449 329 6693
241 1248 7739
0 755 4055
525 359 1269
1063 1045 1160
931 1465 6555
701 700 3555
1008 1168 5607
1317 1396 7956
448 1129 2721
623 898 120
1280 196 1349
853 750 8345
76 1185 3167
1209 478 6817
666 947 2028
1148 318 9785
817 1292 898
279 677 7145
340 1274 3405
160 275 4680
66 587 9976
7 591 6288
104 155 3215
1056 213 7399
1003 1479 6607
719 273 4256
236 1179 7625
1016 557 4222
1392 267 2655
1117 949 2342
1389 1151 8181
163 306 9247
531 1155 4521
108 1464 3799
728 559 7191
113 1282 354
801 1332 9885
376 1024 6037
1089 1473 7930
293 1092 3606
1061 878 7481
225 474 8105
308 153 9155
1198 583 6915
1408 434 8281
841 4 4835
990 787 2019
245 152 2976
678 767 6347
619 1398 5062
1302 507 8633
644 174 1218
1412 738 3123
1488 1076 523
151 417 6691
896 258 8724
151 1423 9480
86 1188 2119
580 818 4564
622 829 3699
503 632 779
112 713 8669
561 1219 4109
1432 833 9886
998 452 4481
1098 1327 6037
1463 1319 5
665 408 7197
788 1004 3113
1311 515 2346
1271 1204 7666
243 27 2003
399 894 7329
347 1003 7493
1467 1315 9581
232 88 7631
1322 1482 9466
857 1216 242
155 887 4086
1325 785 4272
1334 1017 4479
807 1302 8175
1056 1332 5247
897 744 3848
1218 187 3575
67 1060 8908
528 1097 9770
464 165 7324
567 263 2962
609 167 6161
1450 1416 7244
1040 406 9480
407 573 3446
990 1008 6397
299 958 8927
1001 754 4014
1484 786 7499
712 1483 4582
721 1070 8824
824 1429 4824
1315 602 3034
827 327 7446
621 350 6699
1463 1168 7483
556 572 4637
1387 304 4770
1115 460 5643
1153 212 4542
1008 921 3361
857 276 7210
456 1093 2443
1481 1056 4771
882 937 8427
1220 584 7957
279 1496 1606
35 1230 7077
716 996 4998
1360 786 3016
936 591 9937
1095 1087 3355
1270 1275 9505
780 265 4852
1435 293 1878
780 1203 8
768 827 5620
581 284 2163
873 1205 9170
132 923 4084
18 372 627
300 1097 7389
1178 1457 1380
708 807 1337
774 1103 5150
207 313 4751
236 1185 6238
473 1085 7604
1255 650 7304
254 529 6912
728 574 7786
1057 348 9888
835 1217 4720
982 87 102
1372 1069 7994
1464 35 8218
537 1275 2079
1358 569 308
128 1340 1178
624 85 3449
697 13 2441
3 37 2111
1362 1071 6801
197 563 8376
1290 1466 2007
636 236 586
326 639 6159
832 532 6306
717 772 6703
1465 7 1686
602 103 1924
411 164 1091
532 869 334
711 1118 9853
626 629 7435
901 573 1443
757 1413 6304
667 811 6451
340 1010 382
874 103 1354
477 1092 7552
1041 751 6657
1050 646 8980
1365 325 1798
22 1070 6034
714 319 4129
303 969 4936
365 376 2811
765 1419 682
226 100 4612
1468 920 6651
701 336 3195
1085 1183 3350
492 1298 6547
699 352 688
11 452 2115
1262 23 371
1028 1165 3047
1274 6 7230
568 599 372
925 27 1167
488 1172 2847
155 893 13
1138 1054 1182
1006 118 1836
758 343 9718
1049 750 8813
792 219 6866
135 530 854
1437 1293 2943
1130 1141 6566
1085 1399 651
1232 984 7214
743 990 8962
559 26 7616
520 834 5853
1339 1009 2536
1353 454 7812
1445 424 6448
1432 936 6887
116 1154 4822
629 205 4545
1436 647 4855
1076 909 5893
1421 1278 2878
912 1405 6581
784 1032 146
878 461 7225
72 1342 1359
261 375 2105
82 1304 2917
97 1076 5060
503 1255 994
965 813 7172
711 1215 2085
173 1032 7139
1404 1417 3149
234 609 1744
919 351 7491
670 1036 2278
756 139 5163
1094 1392 9034
748 62 6846
1240 39 9405
637 520 7977
1350 1019 6733
291 1012 6816
730 154 4261
1469 856 7
290 328 8383
1419 596 8138
809 569 2639
23 115 7541
1418 1421 9525
1342 842 489
541 121 4743
746 711 1402
247 935 6716
1187 501 3992
1197 1320 924
425 937 1779
163 965 5326
1189 832 9706
357 1014 1123
75 1315 5509
154 837 2848
1176 802 9156
1420 296 1846
1293 239 7974
146 743 5352
376 1488 3537
156 1327 5135
827 983 6054
565 1125 5392
684 534 4528
47 878 4236
617 564 8474
1011 692 4300
1248 769 7961
1060 1461 2937
343 1179 2218
719 1155 2007
268 995 5380
1013 66 6751
713 1277 8712
894 831 2842
593 693 3198
1050 1149 75
666 1101 3251
505 54 5667
654 613 4536
1047 935 9394
1111 812 5920
83 91 4940
552 21 1653
129 1184 9499
82 976 6577
189 823 665
943 1224 5193
430 591 2528
1102 778 2196
65 585 8828
1279 1114 7325
759 461 1409
101 302 4386
970 1454 4946
1030 91 1015
1212 744 8617
823 1379 412
1344 722 8604
631 1000 670
644 572 611
263 1389 1330
1479 97 1044
347 1135 1300
504 87 7072
1216 741 1960
344 1177 940
786 1366 4893
450 1207 9851
1296 1421 9182
250 876 5060
565 1085 3472
311 1328 1336
772 1433 3736
790 314 8536
1272 43 560
938 1172 6337
1257 158 8829
658 288 2659
1350 157 880
829 141 5277
972 512 7768
655 985 2553
54 1314 2171
1241 97 6739
403 760 6505
138 230 841
1409 173 1216
295 287 8049
231 969 2682
1431 1083 8844
901 412 9289
250 951 6567
1005 961 3162
399 1075 6330
859 659 8716
1221 241 5314
815 724 5997
1253 818 9038
1075 11 9318
1027 551 7355
329 1296 9215
986 1395 1800
992 665 9109
661 548 7013
462 179 576
586 939 9928
1151 1111 5685
780 67 9995
1062 1088 6855
1216 810 5606
1075 246 6895
916 496 3006
1036 1229 3806
661 1280 888
1247 476 3085
450 191 2296
885 534 2027
1270 93 1282
1443 57 1846
279 1277 2145
195 169 8117
345 553 7627
220 124 7235
24 1371 6184
1077 115 4204
1254 130 555
312 1388 4153
694 1229 9013
796 806 4359
555 869 9251
404 1290 4278
16 1426 4875
1146 1207 8218
690 63 7882
1155 1414 4113
1340 664 2999
840 311 2779
1146 1138 2372
1051 755 8715
1147 680 8012
846 1195 9463
215 1265 761
45 922 797
168 800 2518
821 470 7746
833 392 4008
1288 1469 2302
492 968 6802
200 141 4553
306 318 3893
1437 474 6046
599 1185 3005
1330 1018 5685
639 1041 7616
955 329 6496
283 1312 4459
176 858 673
1406 942 445
326 262 6858
1170 580 5209
1103 1431 4911
331 1066 8463
1449 529 3652
1155 391 3793
652 210 3185
764 881 7255
732 425 973
984 482 5361
916 356 2105
803 1360 2651
844 1337 5489
458 333 2371
17 1088 3908
770 1078 8740
44 853 8475
305 669 3306
835 792 4782
1232 725 6807
1215 0 822
687 533 2777
1261 289 9843
1203 177 5493
1427 535 4397
254 1385 9684
251 306 2779
292 1114 6205
1490 172 464
144 1327 7519
874 578 6116
1194 43 6058
1296 585 1252
441 1355 4991
313 1240 58
1039 95 9991
26 1012 4191
1099 627 8801
1155 1102 119
206 107 8667
512 1066 7134
32 728 4059
1170 141 7466
983 1344 2014
471 1271 6485
1422 511 1214
822 418 771
422 54 5767
462 1123 1191
1227 1314 46
198 540 4395
1484 522 1839
78 644 1831
103 600 9108
549 1419 7138
570 249 926
1090 1390 400
608 844 154
818 451 3575
1411 178 7628
228 527 5724
1071 1383 6547
871 376 8339
1316 958 235
1176 54 8177
1497 1330 3685
529 1235 5578
1226 607 8988
556 904 5919
73 680 2254
7 152 3186
1411 1057 9020
279 1284 7733
67 106 347
335 331 1248
269 347 6814
880 805 3995
249 1242 6650
1110 560 3175
310 782 5128
469 248 3647
868 80 4283
266 225 3653
9 1453 168
500 360 5989
1331 1439 3379
225 54 377
145 1212 6095
659 288 5333
328 315 3670
63 1060 3238
982 1301 824
993 34 142
816 324 911
68 748 4479
1408 1372 7164
1097 272 2900
1057 1439 7697
439 1300 7343
213 1390 7903
1407 1192 9213
928 468 907
1343 370 7019
93 240 2844
34 1171 8621
1187 860 2468
453 305 8139
916 706 6537
1324 1071 7102
1469 1412 7264
920 924 7551
1083 1294 3136
532 324 4891
883 452 7800
696 1084 9207
1244 346 7019
588 1001 2573
492 791 9380
146 1089 3355
1334 823 3697
705 290 1936
704 1297 6070
501 177 5658
1323 383 3890
1132 1110 9049
350 186 6827
395 83 2506
1412 1002 1446
231 372 4576
949 206 3135
1190 342 4776
760 707 4101
870 352 5527
275 215 6026
820 747 4136
759 639 8318
196 1438 7024
664 1324 3059
319 1261 9320
94 422 4195
1442 686 7379
843 878 1857
1144 624 2119
197 1203 8684
1430 140 9582
758 1285 7293
1087 1243 7079
1227 1333 6519
995 1074 7860
887 573 7265
279 1421 1551
1328 1305 5489
939 1110 9501
872 619 7775
622 104 7459
1333 932 1814
36 83 627
313 527 1112
796 645 1205
449 465 6030
1353 473 7378
430 577 9220
395 1443 2020
1461 749 257
900 1279 9263
618 1018 3806
660 228 5167
1040 858 5998
976 456 4065
271 816 8897
345 695 6399
20 1024 5588
785 554 2074
116 153 4752
300 612 6599
1190 904 8761
12 630 9060
936 1072 6321
1238 1478 2576
518 83 6076
907 1123 1928
1139 1073 8623
916 1243 2835
467 579 5889
53 686 1493
1290 272 3389
667 188 5789
12 1059 4817
435 204 7070
1341 1180 7676
434 1311 6842
1004 1188 3552
235 141 4826
1395 206 9711
1031 320 753
503 1152 9509
155 273 9189
1063 609 8913
1312 1346 9862
1498 181 9877
697 631 1990
782 1059 6510
613 65 4678
1314 1383 6994
379 331 9529
1307 395 4389
1201 702 2308
881 1226 5680
1197 1087 3000
1489 1409 6190
1002 957 9380
563 1108 4262
16 1148 3522
433 973 4638
130 1184 6922
88 1167 8476
244 1487 4392
56 112 1454
1152 704 7728
594 12 9180
1149 44 9508
718 1428 2354
40 217 8155
1412 688 8873
487 161 8846
283 300 7394
884 985 8684
875 249 7958
379 795 3226
1222 648 5304
365 783 2271
1240 26 3708
972 293 3676
343 764 978
727 808 7273
1002 1083 9967
293 1161 531
1330 969 2710
654 1086 1206
561 931 8977
1218 319 22
346 1334 944
862 122 8650
1469 1359 1701
314 962 3683
210 570 4142
1410 788 2519
538 1184 1759
1121 247 199
922 438 7541
864 799 7119
694 380 2559
1448 142 188
1452 313 1716
972 832 8331
1281 1329 2310
309 1149 4861
1028 216 2031
1283 652 9115
514 1033 485
244 1379 3923
1251 621 1629
1125 651 2651
270 911 2887
217 1217 5574
752 567 5673
1103 1242 9341
360 232 7241
382 788 98
116 632 9250
1279 99 3285
1044 1471 2535
442 45 694
800 1407 8587
760 1349 6197
185 649 1916
451 372 7684
294 388 9829
98 1461 9597
79 269 3818
437 1044 8659
1056 1119 9655
110 1323 8727
666 732 7628
83 271 7009
494 251 7411
304 1364 9147
566 131 7028
200 962 9741
340 1032 3364
965 1081 1224
110 594 8635
882 961 9781
616 420 2193
308 57 144
1305 334 6539
970 1477 3541
1328 242 7775
1447 434 4319
400 68 4453
456 848 7277
1053 959 7008
948 707 380
1102 166 4225
790 814 4953
706 6 5116
1016 948 7242
1242 790 7638
1188 1147 26
1159 1209 9824
46 1166 462
145 526 8319
363 193 2177
1196 927 2794
1346 471 4035
403 904 6713
1313 420 1303
1012 1445 3593
327 1190 6375
427 17 1474
843 1153 4541
748 1039 8847
1040 689 643
236 849 6857
941 1016 8794
318 565 7718
336 58 6885
1077 1275 569
422 830 1902
684 487 5380
351 186 6524
696 544 6455
883 619 3600
961 898 4291
1203 543 1690
636 232 5508
209 1253 697
716 1237 5028
231 1065 8018
1335 254 3441
1255 412 5204
263 1230 8802
697 76 9172
535 907 9759
1028 2 8626
438 535 2609
1094 531 1646
435 1461 9436
939 1338 1312
907 1053 28
880 536 3518
663 1243 7794
496 695 7991
6 1487 3493
525 765 7865
1373 155 9864
1145 1127 9848
1299 1169 9113
189 843 9357
1063 480 4350
584 404 4802
1252 1360 1116
809 1009 251
1235 895 5264
1346 101 5116
423 1304 8931
553 324 276
245 988 7798
1432 503 3599
217 1234 9234
1172 507 6841
840 923 8678
28 463 4416
710 642 8405
723 259 1240
1097 837 7726
1020 215 9221
1196 141 3927
1313 229 7561
1171 99 7931
835 805 4318
160 1323 3764
1241 691 2571
25 849 7767
257 447 6146
909 1187 1543
1486 699 6960
309 279 5934
62 1164 4437
922 957 473
1383 1078 8920
368 654 7563
202 974 2207
1218 260 3930
1272 909 6607
533 963 6968
355 1321 6705
1043 474 5635
231 1079 8258
224 1101 1471
197 916 6855
196 178 7428
876 807 2816
656 215 7129
1462 814 3541
848 883 5896
1399 864 9836
1407 907 7317
840 115 6330
1186 1014 910
513 941 6517
1430 436 8692
1005 1491 9710
1230 622 333
693 893 827
1403 99 3191
118 167 7541
609 1001 1944
244 847 1160
1449 41 4611
62 1427 4466
715 988 7442
872 949 4754
759 652 2956
20 65 8384
688 901 1954
617 775 5626
548 249 811
547 160 5019
472 753 9514
308 1331 7557
191 484 7279
1287 1317 892
1067 253 3234
194 1493 8570
768 821 1042
1185 731 1084
460 772 9317
395 1198 9863
906 1228 8082
511 1223 1994
651 701 8964
269 430 2382
237 862 714
978 1001 1564
1173 1360 3292
229 1132 1107
662 501 9802
114 712 8942
182 45 9815
178 494 978
393 842 1200
894 539 6620
198 618 3011
1055 681 6170
272 905 5919
281 1145 6416
461 1375 2214
1070 300 4049
1386 100 6543
846 1269 6191
287 493 9199
158 1184 9000
769 359 3672
509 15 2884
642 1324 8022
597 1234 631
654 417 9732
274 1242 2561
344 284 9942
255 164 6478
1200 477 6051
1304 558 7902
218 1133 7594
1042 1236 8182
1115 1464 9480
191 594 304
360 1412 6297
1457 807 3956
491 717 5591
460 112 1331
699 1243 3983
131 1274 9683
1469 834 8406
1146 275 6152
1225 704 1312
980 666 1310
1181 20 1587
1031 175 5056
168 720 2425
1026 334 7972
684 677 7582
1082 627 8041
911 806 2243
573 836 4234
1462 1410 3893
281 816 8238
1002 457 9167
1246 868 1393
107 648 1560
642 1215 9059
1312 1196 5579
470 1143 4961
319 859 9910
805 411 5912
1291 398 7478
1429 850 3592
443 1334 4852
440 859 7527
363 412 272
733 1378 9416
24 1414 8545
1033 1411 9732
697 356 2690
1140 16 9805
1215 1226 2296
832 458 7319
1465 146 5962
922 750 7476
247 850 4345
978 1086 3608
815 170 7462
362 299 8770
1175 1486 2989
1443 238 8571
797 42 6848
388 1046 1449
1224 2 4378
1114 1115 2250
945 637 345
820 707 8849
1226 827 7462
799 505 2119
1366 228 8772
853 690 2587
401 27 2859
701 898 8854
385 1003 9966
981 324 842
417 1432 1079
206 1087 3978
175 1008 8879
670 400 199
563 325 6574
1288 1086 9564
1339 37 3929
607 841 1028
1127 1470 6776
1171 894 6628
709 930 6646
1390 1315 1841
465 621 8112
121 1121 6652
307 1477 2520
336 343 685
11 1283 2100
1138 913 4924
652 1453 8979
1308 208 4644
1490 105 2370
251 1101 4649
1363 979 4532
1177 829 3449
290 166 695
1464 764 7502
492 1229 2001
542 671 3953
731 837 8024
1073 641 3411
1440 736 8919
545 980 8924
1227 1024 3134
627 966 1371
506 750 5728
1388 1048 8877
1202 482 5974
494 495 805
536 618 5048
1374 863 8603
734 1407 798
373 1458 34
839 1442 3519
1491 1338 1347
1498 267 3057
1072 856 3805
124 532 9270
1067 848 8819
423 1053 1603
1253 453 9173
960 985 4857
453 1076 5303
1291 297 1921
540 1077 1894
1402 313 6790
850 706 7173
1186 319 5588
1200 763 9993
974 1289 3568
82 307 597
478 98 4194
734 686 8893
823 947 6524
655 924 3851
1138 1059 5393
973 815 493
484 722 1373
905 236 6397
1423 942 3616
1282 1489 1054
859 710 2462
61 1198 5347
1083 862 6135
1441 519 8067
516 69 5713
1081 96 340
24 553 8594
377 87 3125
563 614 901
905 1268 2483
1018 662 1790
1460 356 854
401 507 2889
200 1330 8303
703 456 5089
486 202 1058
213 1007 7614
371 414 7513
745 1268 3240
745 846 9790
1477 72 7277
333 1358 737
1206 1360 6905
803 879 9046
420 305 5444
290 1071 5050
1275 9 4468
21 42 2372
267 89 8965
782 1313 1552
663 378 527
1359 408 4998
1064 334 992
1190 979 6758
375 328 9777
1096 209 9325
0 554 5537
857 480 902
382 174 6994
15 221 1343
203 215 6033
1117 1294 5451
184 537 6446
376 520 8222
456 1453 3186
761 235 1130
881 776 3482
923 459 7520
323 1326 3066
1494 368 740
965 1380 494
800 941 4383
1217 458 1843
636 584 9862
1124 124 537
837 776 26
373 705 5460
845 173 5369
402 211 1621
829 358 6072
1295 799 4882
1014 612 7579
284 187 10
161 1276 7504
27 1002 9243
241 185 4416
1007 639 6215
52 1432 9643
1056 384 2141
1245 1417 4924
1373 481 7470
1447 894 1773
1481 134 5601
1032 973 5404
1392 396 5170
1499 673 9143
250 36 9930
322 989 3819
415 1430 1443
1460 494 9154
1291 1462 6929
1249 997 9102
903 798 3314
449 1430 7660
460 777 362
789 31 5015
1490 44 737
1261 205 6380
881 568 5469
796 995 1080
581 553 4533
327 264 919
250 104 7268
1420 659 9539
977 994 4380
1330 1109 3003
50 867 1834
83 516 3461
386 890 8173
167 1112 1300
306 728 1133
1473 124 1313
67 964 3052
677 507 455
866 85 8688
648 115 1995
1204 760 1149
182 852 2009
543 1320 2331
1093 975 6359
7 396 6860
513 1356 3486
251 1289 4195
71 706 2545
389 1133 5168
1381 804 7787
958 1106 4819
224 795 3981
568 537 2866
1349 743 8724
695 211 6727
431 1257 5613
668 1127 3358
1389 27 3330
344 298 6986
1185 753 8584
827 607 4338
904 891 3469
515 272 5192
1045 810 7343
749 980 5120
752 1147 7886
147 1207 6015
854 1330 5762
858 754 3784
991 724 8437
210 333 2076
375 116 8457
445 438 985
1363 912 3811
893 223 8196
1060 1480 4351
661 1168 537
1076 1104 4601
311 228 7970
409 1161 2963
997 716 7853
1123 761 1403
416 614 2610
1083 1304 3961
499 877 5259
953 1376 4398
675 891 4673
1460 220 4302
450 1398 8108
974 488 5358
263 1116 3341
795 676 4209
108 672 8902
1096 701 822
1403 766 2640
558 1010 9793
1445 1444 6609
685 481 78
1144 845 3375
343 234 4489
39 809 8500
958 1222 9233
1445 574 9450
442 1248 4362
1295 215 2656
815 1435 3781
983 795 1306
1123 416 754
375 811 9535
593 1337 4471
548 1269 2355
321 376 1878
971 93 2759
255 1232 5529
412 1119 8922
342 989
1146 247
96 1052
1185 122
1196 1181
590 498
92 583
1378 158
764 319
578 177
1167 8
59 1297
991 1137
681 769
466 730
792 453
305 886
35 1367
367 542
1363 746
1191 39
477 777
516 1031
1045 565
1216 294
311 1275
1491 861
152 1298
93 1381
286 669
