500 2000
355 176 8288
231 133 9755
187 72 1319
276 96 7215
103 160 8654
289 45 5524
100 96 6330
58 466 5438
136 139 7810
482 432 8784
7 207 2459
328 85 3202
321 240 9443
22 9 188
112 70 7043
313 225 7377
244 377 2284
425 217 9063
333 477 5001
497 255 1192
214 366 9741
56 421 2065
392 255 6530
478 383 7297
1 234 8140
114 498 2925
274 293 7492
139 405 2161
48 141 8844
90 132 1241
256 462 8232
296 321 3342
484 271 9705
137 354 5946
17 147 426
310 45 5700
30 462 4845
335 465 6133
184 374 523
57 250 6969
304 168 999
126 353 15
437 469 1344
463 383 2812
124 43 5516
193 385 380
14 444 4327
197 113 1046
423 4 5632
52 302 9648
443 72 9252
270 269 3142
148 140 3615
448 190 8836
329 380 9850
367 134 4260
114 101 5165
84 79 3529
161 339 2556
106 100 2834
217 305 9788
50 79 925
350 158 464
155 66 2132
367 27 6642
211 185 2008
355 151 1268
415 266 764
413 56 4254
445 108 7329
348 436 2193
450 242 4927
318 82 1503
497 340 4060
22 246 8759
415 205 6480
303 49 8174
383 299 5756
368 280 428
457 305 78
261 102 5225
497 459 4752
96 240 7951
151 218 5369
162 49 1530
343 349 3398
290 439 3341
246 218 1383
250 176 4178
419 172 8212
298 102 9074
485 379 8245
154 134 1900
190 302 4728
279 96 2003
220 40 24
381 322 8942
369 141 9772
212 494 513
217 482 5604
17 326 4018
229 308 9975
39 57 8791
239 489 790
495 296 6482
385 384 4199
318 107 6121
453 1 3166
416 89 1197
494 158 9540
253 12 9788
344 438 2068
202 416 3496
349 302 8966
108 17 1793
101 86 7051
458 83 8257
94 374 6263
328 497 3618
31 251 8159
64 261 2439
470 311 7190
233 375 114
64 160 265
325 397 1988
34 57 9156
180 154 7106
480 350 8092
101 359 3262
121 112 4788
152 353 2162
349 337 2941
270 158 3351
121 217 2220
206 66 3293
396 133 6686
135 377 9293
408 158 5798
371 419 5344
264 281 2944
3 227 4889
282 204 4493
409 340 2276
120 361 4487
376 41 9331
193 336 9626
58 139 3971
419 92 3153
362 409 8610
343 294 6274
170 443 4172
255 244 242
20 35 6297
221 215 5986
347 230 4198
367 170 1877
289 114 7289
21 77 7799
232 188 4178
299 105 2920
426 255 2078
134 324 9937
275 496 4788
497 225 1536
178 353 1490
266 103 9043
81 204 300
373 145 8756
63 367 6962
333 26 4637
97 303 9313
283 161 5126
241 309 7651
112 420 4540
46 117 7060
278 309 5885
195 384 8006
428 159 7550
62 237 3892
400 326 8291
65 289 7817
157 184 7622
137 379 2742
220 100 1464
473 492 2588
116 448 1188
5 476 4920
199 427 5255
215 240 3930
293 161 8100
103 349 4070
368 402 5930
167 344 4703
372 33 1017
148 58 8205
307 247 7546
147 254 9628
57 236 6691
54 340 2806
77 52 3719
445 305 1236
363 376 8256
354 189 1583
228 213 8652
352 342 7750
54 485 9623
283 374 5347
448 132 9659
160 377 3910
229 209 8698
9 35 3702
401 50 4148
227 99 3107
284 186 7836
290 469 3626
149 248 2037
206 107 3559
200 422 2010
202 323 4620
137 189 874
409 487 4330
112 452 1488
473 424 7673
453 180 4254
169 255 5729
420 476 6645
85 383 489
409 293 7886
235 411 1843
122 13 8540
242 0 5755
455 380 459
113 141 9688
174 352 4966
345 244 3398
371 261 8206
190 498 236
479 412 3314
9 378 7151
406 17 1134
188 202 9086
262 112 5549
255 3 3625
355 497 5475
477 60 3928
452 479 2136
211 494 8262
382 400 4226
330 255 5369
383 492 9477
221 109 4918
255 160 2191
319 470 9480
290 156 2316
154 420 8746
410 469 1028
242 442 4566
101 360 3093
51 50 4807
119 484 318
129 120 712
254 149 3643
428 453 4060
23 325 8259
289 457 4173
471 396 3582
447 344 8071
485 360 9171
233 67 676
137 129 8060
159 137 4643
429 370 9219
234 255 5632
474 94 5385
419 181 6018
317 227 248
228 58 8551
172 27 5778
433 494 4568
22 188 1644
169 476 374
253 245 4419
488 236 6021
145 294 3590
358 489 2059
303 438 7495
357 164 3632
218 382 6686
402 201 8645
164 434 6350
390 370 8315
114 38 2763
286 322 1114
159 474 2318
430 340 7525
185 333 3552
372 404 2643
273 388 5552
384 151 7749
393 368 1950
203 114 1818
302 266 356
369 79 5176
354 182 5030
373 453 6082
94 51 8497
210 361 4197
249 492 4934
199 499 2696
451 482 3589
241 423 9994
456 181 5553
445 432 1823
129 182 4421
363 453 2469
126 421 4962
324 219 278
371 242 9109
28 293 2707
340 300 5339
39 50 4622
487 432 8116
168 181 3930
323 364 3828
144 181 5083
481 138 3612
282 71 6164
144 130 455
357 352 4523
238 132 3178
204 352 9072
448 139 9295
80 67 3795
404 201 1159
38 165 6128
171 21 3444
394 259 807
26 149 9110
149 38 7822
111 101 9636
142 286 217
172 403 6777
293 175 5726
459 270 5983
464 235 85
81 462 747
393 255 8768
174 263 9631
438 347 9062
189 359 677
9 363 3240
33 473 3420
312 365 8831
318 180 9398
151 153 5015
87 115 5111
83 258 4907
58 78 510
210 175 9757
197 138 2583
448 248 4725
308 32 6267
248 481 5704
442 344 8684
249 120 7704
232 374 5296
108 88 7603
276 492 8998
410 351 2525
494 127 4668
188 489 601
481 83 8703
205 306 5167
289 421 3341
66 311 2451
49 142 3519
303 60 6948
133 283 5241
300 38 9509
13 129 3558
469 394 7962
197 33 1288
135 206 5959
174 195 1
485 293 8401
110 71 8478
19 167 961
402 70 8672
129 242 2856
444 360 2273
384 102 9576
377 385 3373
320 89 1499
447 88 1353
140 442 7946
486 4 1221
487 474 3317
402 148 5679
333 361 9945
497 418 3906
282 443 2472
409 25 2225
0 370 6207
452 457 3881
478 10 9919
0 394 1665
137 94 5551
439 54 6106
57 285 2592
106 92 6736
129 64 5467
257 36 6887
476 172 8336
90 275 6979
370 322 1437
18 19 4392
103 436 5203
224 425 2661
82 237 2917
112 48 4835
255 414 8890
462 44 9196
380 297 6328
182 126 6181
84 208 6951
82 162 7766
137 404 6145
226 11 4879
470 425 918
14 280 6272
380 348 6028
73 11 6756
451 194 8678
28 365 3452
89 86 2938
324 6 4875
408 484 2167
164 353 2204
462 224 6548
0 135 7049
37 390 5505
33 307 2268
448 116 3410
406 233 9822
334 455 7028
253 416 5053
98 344 1426
304 378 4654
0 292 7906
348 327 232
192 186 2273
130 234 9039
236 405 5508
129 28 7538
353 177 1194
23 357 2967
101 297 535
498 235 9883
487 185 5363
356 375 8756
61 420 3553
60 489 9472
327 320 654
0 296 692
491 95 6492
373 413 1187
190 168 2261
321 362 737
299 309 8547
85 493 1241
277 210 9359
146 56 7825
459 13 2173
483 226 4460
339 402 9501
231 254 9788
241 5 3785
273 493 4491
186 9 3355
171 369 5355
446 483 2562
266 334 9563
490 398 9442
107 147 8416
434 221 1851
429 367 612
273 210 3273
198 478 1922
265 484 1
36 173 4193
278 151 3245
211 196 3603
67 375 5254
305 101 6358
178 86 8764
300 294 4034
308 390 724
309 363 8684
9 198 5216
437 44 7548
475 201 8276
433 473 7055
200 99 699
49 335 9927
90 441 4580
279 446 9362
427 399 8297
114 301 2672
94 60 6520
219 113 7288
137 329 9977
360 352 2939
88 356 877
145 244 1914
173 31 1918
157 468 5480
171 81 5635
470 493 9766
365 68 9885
353 63 7240
261 82 4263
74 237 3421
375 122 5935
388 375 4014
142 486 2587
158 144 5853
423 313 8451
249 493 6627
88 303 7335
101 22 2955
265 427 3934
252 261 3752
323 313 927
34 214 4821
52 75 8615
267 152 246
40 65 997
185 153 6008
4 45 6208
338 24 5310
444 439 7753
226 38 7964
420 281 8189
196 129 4380
447 226 81
233 388 2507
296 32 3599
412 25 3373
246 111 8974
398 106 63
122 306 3259
383 165 6996
385 78 9248
104 295 7059
225 171 6415
347 337 3673
58 456 3578
170 18 4092
458 491 144
161 66 464
434 299 7803
77 437 8158
9 317 8396
360 186 2221
5 81 4123
252 217 2470
400 311 7559
270 226 9762
317 462 9385
160 0 9528
90 456 8407
0 233 6973
94 87 5477
33 114 1018
441 190 5701
103 277 9042
316 404 9875
435 493 3888
100 70 7080
197 331 9996
377 472 2367
141 245 6135
197 449 3611
54 406 9831
178 476 6664
55 43 1016
473 301 7593
6 245 4374
423 483 9777
237 452 4033
166 274 8735
273 182 3014
395 386 6111
253 284 3874
326 293 6098
468 381 8732
486 78 996
24 91 9182
470 43 7291
414 339 7824
112 382 1613
382 29 4305
150 141 3400
30 281 52
371 58 6574
291 28 125
170 275 3623
183 340 9565
495 199 3167
466 353 7990
79 488 9181
30 223 8559
453 275 705
218 347 1185
253 356 5254
355 155 7269
456 268 3223
489 70 5956
422 267 8231
56 229 7962
12 58 9607
39 334 391
285 259 5335
242 484 6376
153 50 312
351 29 514
450 182 7440
300 201 3661
436 50 8795
171 275 5431
239 37 1142
227 172 1886
317 449 889
278 57 2680
326 250 3494
54 421 5493
240 316 7588
32 199 9197
68 279 6190
341 467 1847
238 55 9344
450 252 772
78 315 8962
173 44 1762
217 418 3618
166 226 8740
318 337 7204
467 196 3109
472 375 8609
270 324 2126
94 30 5347
145 446 3375
482 472 9500
337 357 6055
260 483 752
126 354 805
490 232 3683
373 381 6596
18 203 3790
194 125 4159
187 189 5916
310 97 6771
461 467 3578
232 498 7997
344 279 6680
184 303 2170
489 337 621
208 268 1357
470 307 5907
112 481 5766
216 314 7937
452 44 944
61 434 1547
262 303 1657
301 155 584
20 136 4730
247 462 6005
375 416 4587
59 457 1877
210 128 1833
281 275 4300
392 489 2704
309 267 8750
149 253 1791
190 492 3040
89 480 8269
117 193 8478
387 168 4118
85 115 1731
164 303 5161
216 180 4622
104 72 9008
461 174 3557
244 412 2627
79 361 6727
128 155 641
48 0 5579
197 221 8799
432 488 3003
426 187 4548
114 88 7408
431 64 3819
307 43 2866
122 338 8050
93 351 9842
355 194 7371
117 311 9057
0 461 6377
222 409 9446
458 266 641
157 172 5490
457 264 1105
31 136 4576
274 308 3784
146 205 3674
386 484 3998
373 365 7829
327 312 6865
335 399 6344
341 207 9062
185 50 379
87 32 2615
393 379 65
229 321 5077
445 417 8664
33 199 7821
340 194 7787
187 228 5895
440 336 5263
419 332 2765
419 277 1578
236 213 1316
398 140 1567
68 496 8046
205 442 3341
230 391 908
455 282 9266
368 157 7723
346 324 3075
341 495 4752
51 34 1079
269 326 5936
329 404 5845
420 340 2035
109 6 6375
185 341 3430
32 188 4780
494 488 1522
487 65 9884
488 136 4201
389 235 1097
217 484 794
220 496 3978
237 322 4431
228 366 8567
288 449 2068
354 251 2561
444 335 2302
310 108 7708
132 186 2740
372 110 1426
131 427 8198
367 470 9865
296 84 7327
382 126 2317
112 149 9403
53 109 6678
260 288 7043
492 140 343
463 308 7472
344 183 3220
344 169 9324
359 308 1610
177 444 8242
421 402 2361
396 49 9739
287 419 785
331 150 1692
104 122 8366
412 235 2939
228 141 6023
272 206 6319
492 445 5409
310 272 7390
116 149 5836
18 111 9327
280 224 1751
68 139 9207
480 481 2691
232 311 8552
491 340 6284
142 0 7758
219 495 6250
343 475 714
42 244 2944
3 347 2376
405 130 7006
441 477 1618
176 174 569
333 191 1853
34 73 5939
15 304 8620
68 107 9926
209 97 6227
462 176 7992
305 14 5234
165 438 8115
396 428 8183
427 33 2679
55 189 5120
398 387 8937
279 20 7034
299 184 5743
249 401 9519
51 336 2438
455 184 1445
86 307 7078
186 156 5733
495 429 3913
9 96 4983
334 89 618
473 193 8717
83 358 4680
133 162 301
107 353 8760
301 241 761
337 268 4312
463 191 8435
136 296 228
290 403 7975
227 82 6615
90 174 6250
430 277 1899
350 83 3687
345 245 7297
11 145 1231
382 378 6605
97 39 5512
435 364 9789
80 220 7619
465 80 2583
162 120 3380
237 242 1150
212 86 297
291 362 8319
11 173 48
178 342 1889
335 111 4181
8 493 1486
430 76 8920
97 280 9549
252 255 6678
450 443 7591
443 59 5936
100 238 7120
21 428 3863
7 383 5625
64 75 2940
275 4 7737
384 96 2313
91 366 473
454 71 300
220 314 5150
428 175 8791
35 315 4110
57 262 6936
352 19 6642
369 88 943
462 58 686
343 16 9172
495 370 81
174 294 4449
122 287 5551
10 415 8231
379 328 9978
496 203 42
178 309 6833
237 233 243
393 443 6616
402 55 360
148 436 6162
83 139 8391
165 405 7588
104 433 1806
395 191 9254
210 341 9326
240 44 551
491 53 7530
485 463 7886
33 301 220
169 474 87
155 193 8377
195 258 1972
128 120 8486
300 112 6520
422 377 6706
54 249 4777
93 482 4345
496 425 7989
80 344 2501
463 104 2801
328 259 6919
442 83 7075
445 175 1108
399 315 8009
341 12 66
24 192 773
192 83 219
415 331 8181
265 469 9571
321 493 6151
200 249 274
294 423 365
321 225 6133
392 42 8374
69 80 1510
391 45 5847
437 3 6293
248 439 8595
356 233 6559
250 489 6756
283 92 9810
167 466 1566
313 352 1435
73 185 6882
266 337 9840
438 103 5348
431 391 7096
70 130 6027
211 254 524
416 1 6815
492 94 2725
480 313 8443
211 134 6590
473 185 2257
212 468 9155
48 212 4170
256 159 2210
289 304 5140
268 284 7202
49 114 6811
120 0 4095
496 276 772
153 279 8158
146 139 5353
333 183 5182
288 377 9428
478 349 5359
259 445 1566
20 468 6252
225 451 6379
93 428 8883
309 200 4570
120 210 4361
304 320 2670
43 121 8680
68 275 8600
337 217 7785
443 322 7706
177 311 8385
138 100 5047
464 79 3986
59 491 7701
14 122 1306
158 233 2791
206 56 9709
360 191 7972
23 268 4984
121 47 8295
393 181 5088
223 123 3183
15 499 2826
340 264 4391
176 71 5359
69 435 1935
493 447 3875
476 280 1125
86 316 7791
381 235 8966
245 425 3166
142 97 7616
466 40 9362
217 416 6134
251 308 270
81 290 6323
465 197 9708
420 82 6303
94 450 8355
281 418 4597
171 225 5128
267 326 1255
292 204 7344
114 321 2017
45 488 9593
142 433 2320
488 22 1441
81 33 5731
111 436 4285
167 452 6398
89 440 9077
188 456 9476
172 382 5466
287 319 6389
261 463 967
482 107 5292
393 337 1335
348 33 4528
315 400 6183
351 272 5356
22 221 2666
456 80 2256
473 313 6869
493 351 9160
402 137 6703
197 268 9077
339 239 6560
333 121 8954
274 435 4597
135 205 9754
466 364 5746
358 67 9999
20 81 1535
101 439 1713
395 16 9544
360 377 8726
138 68 2498
345 484 4174
375 424 4022
85 310 2741
75 36 5194
435 220 4515
486 434 1607
208 249 7723
63 297 5717
470 95 6155
6 356 8799
268 89 5679
333 463 6752
131 426 6925
343 299 3580
426 236 1412
231 454 7310
201 386 7853
418 407 3458
404 48 5740
330 207 8871
248 268 6303
1 29 3599
286 125 6291
317 353 989
357 363 899
427 213 8202
386 258 5863
382 14 1861
394 436 8257
7 124 4240
380 324 7663
280 432 1428
177 198 6641
354 493 3417
223 48 5766
325 189 6628
67 397 7761
468 235 7941
262 114 8858
68 182 330
496 25 2527
271 402 653
152 27 4873
349 364 2791
146 78 9648
392 391 1207
248 59 2571
187 254 8795
337 164 8602
350 194 1003
5 28 8159
271 395 5783
150 125 3294
473 235 9199
25 253 5078
5 445 6346
105 17 5484
290 179 1060
281 59 2460
490 366 8156
1 268 6691
66 176 115
288 165 7321
460 448 3476
409 402 5178
94 439 689
124 189 8723
302 82 6532
371 270 5725
315 32 2858
262 436 9924
372 22 411
273 407 5889
406 128 7764
187 467 1641
419 3 360
49 498 6403
353 255 9064
96 236 770
390 12 6599
415 322 7935
139 472 1960
299 411 2982
453 214 1305
286 184 3208
368 150 3801
112 45 7036
489 276 2282
11 484 5735
395 274 226
388 110 6822
245 163 9349
454 148 8987
294 13 7746
133 179 5436
251 100 1209
356 14 8896
103 39 2219
153 403 5561
14 156 3186
425 387 3656
395 269 3146
305 45 3261
34 406 8196
164 140 9133
257 30 4061
150 426 3396
303 309 5578
165 456 1495
368 217 1825
9 302 7230
26 363 5921
418 290 7106
271 18 3282
195 473 4477
219 391 1837
83 480 3551
218 325 8063
209 11 4989
120 336 1402
289 301 1328
408 159 6765
479 264 4888
144 382 6616
444 8 1828
2 207 2203
66 338 1075
74 473 9734
314 247 5145
209 186 4513
334 22 3203
432 420 9997
351 447 842
411 199 7786
17 472 4607
385 487 9881
308 341 6198
1 355 5651
441 140 6513
382 50 3578
242 195 4696
40 114 2298
138 425 3710
461 154 283
452 223 522
328 40 3760
330 274 7071
371 200 1218
397 373 7339
369 491 3335
217 332 8745
76 154 1618
167 105 4256
453 474 9672
324 288 1310
82 203 5491
225 117 7891
409 14 1450
129 195 2172
405 258 4147
319 393 2903
209 96 5276
118 495 4088
415 320 1372
339 96 9381
492 47 5601
432 49 8306
415 105 1930
268 390 4701
432 121 6992
324 113 1447
225 78 2041
290 421 2010
174 67 1148
478 325 2056
423 355 1041
208 244 3924
284 266 2302
221 47 9580
171 240 5315
60 453 7898
125 313 9113
134 427 353
494 9 6484
183 146 8349
434 79 7373
156 385 7949
40 427 205
343 454 883
482 1 8028
238 283 996
168 286 9856
53 140 7411
294 239 3660
7 274 8093
2 29 2498
419 263 48
230 329 981
214 481 1460
163 149 4471
354 479 8845
140 397 3891
331 125 2832
116 359 800
98 294 9642
110 6 9026
25 172 7661
346 323 507
243 284 9048
255 46 6765
321 167 5565
445 379 2244
241 410 9852
79 154 9169
170 166 4761
212 390 7634
330 411 2674
393 444 5637
18 289 771
342 264 7426
207 165 1477
352 87 2826
247 114 1974
269 431 8782
185 9 6792
102 211 3002
353 495 8579
136 396 651
400 30 6459
140 91 801
61 407 478
468 284 2524
359 315 7821
72 389 9181
486 185 5950
442 255 9253
353 369 6369
43 267 8933
279 98 211
396 328 548
243 159 5931
353 81 2263
482 125 1948
439 489 8015
222 314 2351
221 64 2530
490 187 8850
408 279 3979
88 106 4982
319 18 1985
45 287 3771
466 12 6122
148 446 6516
367 143 3993
469 499 2273
462 256 7154
426 141 8763
375 423 7275
52 106 1684
116 256 6658
297 475 3676
452 127 6665
250 438 2041
2 466 2534
106 415 1786
84 203 5796
159 65 9352
495 312 6289
84 66 4075
68 209 5802
346 352 146
329 464 933
266 177 5415
481 201 8377
26 425 1874
406 488 9277
213 379 5231
161 405 9806
360 410 1252
4 166 3676
417 70 5971
396 76 3532
168 325 8541
473 186 6337
120 206 8396
58 123 3452
322 65 8657
0 432 2803
153 208 9814
125 294 1879
278 440 9364
443 347 332
461 116 3895
45 224 4513
22 346 9179
10 47 7806
495 240 5985
188 56 7777
156 454 5532
81 371 1086
215 336 3743
487 7 8430
309 381 2000
476 318 4840
89 278 5974
94 241 5101
246 457 7101
365 261 242
201 139 4274
485 16 9577
401 198 5378
191 391 9944
301 219 4649
110 2 6036
115 401 9874
299 84 3695
20 400 5714
439 463 5270
492 451 6853
76 307 9891
328 228 5058
361 145 622
238 242 6694
103 498 1235
451 420 3530
247 197 7158
225 160 5037
241 275 3968
210 114 3463
219 37 3876
61 120 7960
168 242 768
162 230 8198
315 495 9029
333 123 9794
466 202 8132
467 40 1469
229 199 3800
329 354 9447
8 164 8409
325 341 1643
490 180 3702
170 360 9577
494 34 4298
167 108 8974
88 399 1395
217 473 5386
402 318 5609
358 215 2633
22 454 9615
365 312 4690
388 293 6059
169 35 817
208 426 495
365 163 3883
9 218 5892
149 305 7832
269 92 5784
53 132 6559
142 297 4153
188 234 9034
232 173 9606
81 119 715
190 204 8517
99 79 9289
251 61 785
129 493 2704
465 212 8882
94 203 9135
405 300 6399
31 12 3407
42 90 2980
127 10 9419
185 373 5932
371 160 469
208 178 1053
399 444 9453
38 405 319
110 164 9609
176 266 9863
234 78 8825
270 50 4610
173 131 1609
38 174 5770
222 245 4635
370 490 5493
121 162 6574
230 395 918
356 440 5116
306 43 7777
494 63 9229
9 118 6970
3 252 1441
262 315 5014
357 131 7296
380 51 1344
249 122 9913
167 235 4714
58 481 3663
454 480 6312
246 379 8428
332 220 7792
84 290 6534
10 300 4585
57 52 4021
466 407 9191
30 87 1433
392 224 6435
356 89 6140
188 159 5457
201 172 939
390 268 2718
312 46 8115
6 479 1039
106 4 1399
24 300 4851
442 362 7294
3 210 9472
447 393 140
129 323 9583
372 422 2530
470 450 4362
153 165 5083
18 217 471
355 164 7109
301 160 9503
175 418 2803
55 139 5778
363 429 6173
360 464 2774
403 12 6923
30 387 4887
109 343 3106
446 318 1748
182 2 9295
495 478 100
227 108 1688
266 267 7914
213 81 6522
81 256 799
324 440 6734
78 183 8928
423 235 6894
446 395 2486
460 336 5139
381 208 5200
20 33 3586
164 62 7912
277 161 545
471 443 8361
343 232 8442
101 266 18
422 53 5586
18 442 441
454 285 164
175 391 8772
324 61 7956
269 97 9692
246 143 9818
223 159 9200
142 26 8417
472 320 6970
277 40 9685
54 350 9878
141 359 6287
248 42 2232
424 429 2036
454 431 8436
426 136 4992
96 346 2290
144 332 4525
163 478 6316
479 403 5471
313 363 6951
450 173 1491
260 413 8298
42 184 3875
308 453 8789
424 430 5433
257 321 897
485 388 8553
376 361 8453
143 371 7726
188 18 8589
156 459 2168
478 24 1892
229 475 8951
138 290 1284
131 237 4649
495 176 6148
26 273 8827
0 464 5191
470 434 2118
195 244 7730
143 281 9648
235 480 1873
327 2 7359
403 334 3308
327 284 6572
366 51 9528
35 215 47
258 431 6729
403 60 2320
102 412 8198
66 383 938
468 419 2594
462 42 2916
314 31 1233
389 266 3057
391 461 1718
477 441 8670
12 446 8651
226 73 354
249 360 534
354 64 9867
0 263 5868
312 49 6824
283 476 3006
109 7 9298
186 423 4694
372 471 6510
466 48 6482
40 276 9522
401 162 3844
348 51 3669
282 233 9687
457 228 2055
484 290 5797
315 399 4621
383 155 9769
432 164 5842
398 457 3207
29 429 5217
79 187 4882
58 488 431
485 94 8812
134 241 9927
145 204 6010
73 284 6049
435 257 5132
40 109 5149
54 190 270
411 384 7060
16 322 5072
299 300 8839
186 375 9634
118 229 3226
225 486 7912
191 409 5931
20 113 6014
131 411 376
125 418 1337
489 122 2096
15 493 4825
34 42 8443
165 490 4892
348 144 3769
275 72 704
416 393 8972
434 169 5987
434 29 8411
414 106 6195
174 191 9971
332 358 1094
153 237 4651
250 451 2996
407 491 8774
346 121 4510
483 187 7274
436 73 7410
30 133 9262
347 46 2811
18 105 9367
242 377 3234
248 417 2731
203 240 8764
79 331 2542
210 191 1449
39 143 8422
359 311 3337
134 184 3980
145 182 2065
469 245 6802
387 483 1220
78 356 3682
193 469 8471
322 447 6
175 195 8114
65 43 2850
469 38 6632
188 320 4260
268 47 9929
486 237 6775
34 440 1214
275 499 6940
61 165 3663
71 0 4674
159 187 6021
275 477 6956
289 409 9963
129 498 6257
202 296 6798
479 209 2012
173 426 3376
190 479 6377
329 439 6147
242 415 8906
366 252 1294
427 30 6197
423 247 8683
428 72 3038
347 124 4526
177 443 9423
389 128 8845
255 174 6726
209 277 5317
253 22 7256
108 436 207
64 499 4453
365 392 9034
26 207 4476
409 10 4727
397 263 1112
41 73 3494
110 416 4805
15 161 4665
78 84 6640
131 216 745
114 174 9846
470 302 9492
353 155 8691
86 95 5853
105 3 2547
493 329 5290
471 381 5338
432 113 1029
92 248 4971
441 119 9900
429 10 3661
307 41 8359
292 237 5140
282 225 7865
8 117 5514
370 249 7457
203 496 2538
279 180 8209
429 111 6119
167 382 5316
253 387 6461
11 184 2846
7 277 5113
27 141 9661
87 445 2896
486 262 1348
478 163 6420
167 140 4124
205 243 1619
295 172 3670
182 479 4135
191 59 1823
57 251 5664
66 392 1781
439 30 8863
50 359 2997
359 387 9764
424 64 7130
183 396 7255
454 309 2471
47 121 2175
41 132 5196
287 159 763
262 211 6006
252 79 8005
490 119 964
160 64 7714
225 247 1976
71 158 7530
460 178 916
30 180 8360
203 17 9905
288 352 2579
431 471 4671
27 483 5878
95 392 8366
259 311 2820
307 209 4816
66 218 760
135 188 3786
471 33 2828
221 311 6434
31 199 2429
232 193 6479
273 437 3098
336 100 6547
248 138 302
174 495 4705
317 257 8186
111 406 2233
397 208 3323
175 342 5072
71 14 8231
108 278 6848
450 335 2533
84 269 4523
303 37 889
72 107 4705
259 444 7228
202 157 592
444 115 7590
4 132 7416
445 94 1296
35 108 5649
462 197 1761
471 439 2591
112 182 6373
200 241 1804
491 305 2957
133 120 6217
249 7 8050
419 120 319
387 140 6238
224 328 2650
311 35 1430
368 421 5608
219 195 613
496 381 8910
170 418 2084
45 385 6961
234 5 3722
237 288 3414
164 98 8018
334 432 3625
173 175 7053
307 132 8516
204 381 5323
423 216 3857
216 332 3645
10 166 68
244 251 3181
33 23 8564
92 461 16
120 111 5005
119 6 9952
486 426 732
177 69 6061
118 368 8051
57 304 655
200 202 1588
30 453 5189
369 403 6481
155 334 6143
429 361 6772
441 62 3828
457 127 2814
446 176 2055
132 154 5035
231 110 5230
144 117 7515
339 122 2674
414 185 9491
413 36 4770
343 374 6028
266 323 5281
467 54 3138
381 284 147
467 258 5307
424 133 21
334 56 3210
121 277 4859
44 395 6868
428 257 5746
84 173 4501
378 188 928
162 108 9993
419 162 1641
76 50 8522
490 473 1908
115 284 3629
99 121 4616
336 254 2591
52 128 6737
449 497 8539
89 433 47
40 68 5306
69 358 4953
180 310 4569
218 457 388
103 363 4868
203 448 2610
476 332 1916
215 156 7338
425 332 1015
443 6 405
188 291 9096
246 3 6384
268 7 5472
91 317 973
462 303 1480
371 138 4645
64 403 2042
320 306 5069
60 405 2192
363 118 5417
107 60 1129
226 186 5333
70 175 6274
190 276 6866
175 180 4316
364 308 2620
205 80 5186
152 234 385
407 146 3116
303 56 6471
8 308 9246
378 415 3810
195 151 2938
80 113 8898
268 95 4003
266 252 6116
438 101 4539
286 438 410
460 418 4764
44 4 4559
426 228 8370
365 424 6092
147 453 4426
2 322 1040
209 408 2857
388 185 639
162 334 4155
56 153 1128
107 28 1636
7 3 4841
241 64 2750
303 75 1234
152 149 1384
260 446 9516
65 195 7070
322 419 1605
420 451 1873
350 26 3113
13 93 4888
16 5 319
264 258 8115
18 488 1916
467 105 9323
224 73 1875
317 82 5154
348 77 2332
58 444 3873
279 440 4914
485 220 4880
472 109 2108
445 84 1061
446 34 5045
36 135 1294
207 115 1190
328 31 1674
373 370 8001
301 206 752
25 94 5803
145 120 4376
192 448 2553
173 406 4705
245 39 3446
393 352 8343
209 310 1149
97 7 548
104 349 5849
463 393 6950
180 446 682
217 200 2582
423 334 3282
188 160 5258
18 143 2513
396 401 4266
188 95 8263
399 103 4539
479 252 5810
128 101 4123
326 36 9185
472 488 9957
468 36 6109
243 372 3377
321 453 7695
117 389 4287
334 289 9652
254 41 8024
12 74 3775
272 138 3156
19 195 8631
291 189 9303
262 38 6236
428 235 4770
412 407 4840
57 281 6714
152 367 8314
498 254 5114
377 153 5876
405 175 9528
17 363 5222
151 149 5583
335 62 2225
100 283 351
325 299 6545
121 115 8658
473 189 4941
219 356 4406
495 307 4320
154 142 9698
147 338 2298
157 124 3528
220 286 7633
305 22 8847
190 198 4075
296 353 5574
208 342 1374
148 0 5382
356 182 3402
107 352 7578
147 176 1029
309 182 3863
433 312 1103
321 421 4723
233 183 3851
258 243 7952
438 42 6127
271 381 1983
80 105 690
362 122 8064
7 302 8147
236 339 9953
458 235 1598
223 370 1308
177 309 3160
309 493 7728
333 257 6878
386 249 1661
463 338 9182
431 279 4380
416 66 1509
429 417 6710
150 267 8466
431 232 1503
215 252 1118
95 289 7928
23 164 7083
67 373 4619
337 379 1259
358 377 9621
172 127 4775
246 62 69
19 288 310
194 253 9194
293 309 2742
278 107 9572
76 482 7402
83 499 9737
312 445 9842
56 341 110
396 202 2345
17 285 408
426 383 632
435 486 6511
340 141 4789
186 180 3167
254 82 8624
389 346 914
393 62 8165
337 318 2325
195 181 7215
191 231 1322
419 108 7167
413 210 8930
434 497
227 50
168 288
235 99
83 409
58 345
309 422
230 367
360 460
267 30
468 33
443 218
428 4
162 96
268 424
406 259
135 164
413 458
344 403
482 94
41 320
477 231
13 161
376 43
403 279
430 266
452 464
86 399
69 292
425 468
