500 5000
478 92 6570
76 321 8290
55 498 2124
447 194 5242
145 470 3383
19 213 7977
111 8 2602
366 239 5754
254 108 8076
482 251 3842
119 273 2549
185 78 3023
390 310 4881
176 296 3484
38 298 5771
396 140 8148
348 199 4940
99 205 7405
240 201 4357
385 280 143
147 369 4992
284 393 2902
442 486 8642
449 340 5549
99 39 111
454 184 7226
140 227 1132
475 418 9579
107 71 1332
491 7 4847
68 97 9154
337 231 2921
3 206 3745
150 441 655
251 449 8877
194 249 1820
243 107 4484
495 373 1775
114 475 3643
416 397 4495
120 191 8116
76 479 6325
392 133 8630
2 85 301
18 121 1048
414 154 118
453 219 9238
403 325 5223
75 176 6771
371 298 5961
273 240 616
124 61 5826
49 214 8034
265 111 764
202 163 4106
76 420 874
13 31 3287
218 411 9924
428 254 7623
347 152 2344
486 100 738
339 259 1642
75 200 9657
86 344 9367
55 71 4581
445 120 9009
215 234 9727
318 8 9990
177 468 6032
95 406 1179
32 452 5773
217 200 8239
339 184 7867
327 343 7037
76 257 3007
351 127 9314
31 206 7834
461 259 4200
375 198 1867
333 33 7104
338 498 468
139 79 129
99 180 1710
249 289 6718
417 387 7586
175 173 1973
64 355 4821
74 224 2877
418 294 7054
18 427 887
275 157 8984
167 6 2064
493 21 2941
39 149 563
185 123 1261
340 212 6288
365 95 9933
232 440 7431
212 460 9216
289 69 5443
163 408 4191
317 204 8063
473 377 5012
113 492 8467
471 106 7450
311 395 8785
204 143 7756
143 313 9261
359 127 8864
254 137 9965
17 72 521
237 148 5591
241 270 3949
187 314 9915
447 193 2828
222 116 359
342 186 8135
1 19 7351
169 229 1169
11 175 7822
276 21 9212
9 306 3664
287 270 8938
185 71 5144
239 346 5899
265 322 4047
471 285 4283
468 347 3682
469 160 8581
489 219 6007
206 269 395
86 239 4315
476 322 5571
188 309 5739
375 287 905
65 8 4325
241 66 7105
271 359 2404
158 18 9224
458 91 6087
429 256 1621
290 259 7996
322 30 391
302 284 5286
336 413 1038
9 170 1157
257 147 4686
101 78 2640
196 268 5385
289 145 351
171 186 3096
144 172 3344
336 447 3070
464 288 8771
77 65 7678
235 300 4510
432 366 9262
429 64 8747
187 66 6506
98 86 9367
394 141 5686
247 421 2588
255 276 7645
82 350 3049
235 363 8023
466 473 6591
468 79 1414
190 354 152
353 203 3338
369 423 2942
397 377 1480
0 426 1995
295 370 2552
296 485 2080
95 238 9041
436 496 8813
168 160 3156
88 161 4338
157 284 5873
291 130 1562
498 11 4062
147 221 1286
289 65 2331
360 164 9512
225 69 4988
250 299 1190
246 219 5147
231 483 9289
267 359 1439
19 195 618
324 279 205
54 153 2632
35 477 6759
393 404 2580
255 399 425
447 56 8973
254 440 4338
480 215 5979
398 462 2892
10 34 1256
233 12 4463
99 350 8960
499 294 6178
211 401 8774
132 326 2614
371 450 3453
171 417 8669
334 273 7785
409 129 2944
286 199 2414
271 133 7578
180 328 5277
203 382 967
280 340 8928
362 366 4905
129 45 6936
364 222 4545
116 278 3778
41 342 8548
393 13 1934
263 294 4924
20 495 8891
191 411 7828
144 192 3285
17 83 4434
409 274 7951
332 187 4007
399 227 2167
380 320 5665
269 497 606
298 78 9424
154 275 894
460 440 1229
85 389 4035
409 174 7448
124 302 6739
86 342 1456
284 385 909
55 315 1975
201 360 9652
245 474 7395
259 418 4204
2 417 4726
67 43 312
168 410 7652
133 320 5950
200 353 9896
322 136 1669
65 483 7676
493 397 218
491 408 4515
254 6 7357
206 304 5000
119 348 4497
128 46 7769
86 450 2301
160 475 6748
94 74 4283
442 101 6571
353 485 4132
94 413 2897
215 178 2426
315 428 4754
63 255 1118
208 278 4765
342 346 4040
75 475 9946
97 287 2213
390 373 216
338 360 8546
184 192 9728
431 25 2179
380 432 7832
33 120 677
75 12 4658
491 70 1486
469 499 1647
359 241 7242
410 92 5200
39 326 7168
131 115 142
92 408 8692
338 63 1042
230 379 5841
179 135 829
496 434 4990
85 57 6528
488 289 7197
350 70 6533
193 454 3613
177 191 4091
4 14 9727
325 443 7056
449 237 1427
79 270 5568
143 234 8922
151 246 507
347 214 6142
405 288 1048
441 409 2741
232 177 6560
407 313 8418
477 110 4777
132 288 1034
338 35 8532
52 478 5450
130 216 2770
197 158 930
476 288 5399
445 144 5128
340 417 9802
472 162 5963
189 444 3122
365 354 478
113 475 869
472 11 990
391 266 6295
361 407 9086
285 110 1225
441 435 1000
116 301 2911
327 443 5430
29 177 5658
257 118 4191
188 206 5613
110 381 2680
51 91 9788
174 114 1127
168 441 6752
287 475 6462
418 129 5977
242 463 9075
365 327 6394
196 18 4879
207 240 4644
477 74 1202
360 323 220
14 364 4768
460 320 4270
356 270 9392
343 312 1822
128 104 2384
138 468 4369
229 323 7649
495 247 2267
51 185 4597
355 346 50
133 28 5284
486 86 6372
274 186 6505
186 244 7513
426 454 6337
220 306 1551
286 38 3281
308 6 1910
212 369 6701
410 183 9221
351 42 9746
60 223 1559
124 248 3488
170 337 5969
293 407 5119
325 342 1477
247 52 1755
45 198 5678
10 222 1264
283 24 7996
120 214 5868
410 456 1618
63 425 204
112 273 7054
444 28 9526
58 99 2152
289 350 7534
136 280 7952
458 498 4849
233 197 3641
200 352 8806
334 299 508
296 309 4251
244 10 5858
112 38 359
452 98 9788
245 419 7733
327 477 3308
169 184 1513
146 346 8081
178 85 653
489 100 5846
87 243 7466
426 406 8649
271 294 451
221 425 1962
177 257 2452
142 2 1441
316 241 9354
323 120 8802
125 260 8309
439 194 7434
238 277 9737
151 245 8184
218 151 1040
171 96 3992
478 155 2632
48 1 6706
11 291 5594
491 384 6029
234 481 8046
332 300 5399
23 187 3822
79 133 5756
354 133 8616
320 46 1260
424 416 4671
167 76 7101
129 134 8604
483 223 6147
234 204 6314
62 147 4112
157 256 3198
0 352 8795
293 268 4984
329 46 912
428 2 8289
442 19 1332
479 129 9646
499 492 7805
83 11 9724
196 369 6942
239 255 6330
259 480 6086
251 49 49
197 135 5031
380 415 3441
15 302 1217
411 330 2272
154 387 6432
276 34 4553
464 261 7145
232 411 9043
10 123 9342
286 77 7348
357 37 4656
346 223 4143
437 211 7877
457 377 6888
189 450 4671
197 8 259
158 175 115
279 143 8741
27 369 613
281 123 4435
231 37 1671
346 160 3943
213 259 6875
55 126 1179
17 412 6183
18 497 507
378 326 5635
376 225 7480
132 181 6340
41 354 5778
333 349 7035
258 46 6122
25 426 3137
356 218 5611
67 119 9595
368 271 1816
468 7 2479
18 360 8393
78 393 958
87 72 373
332 335 6727
436 260 2734
200 489 9076
169 91 9093
37 477 7000
77 338 9366
97 298 5629
136 140 8810
15 367 5935
278 21 686
412 158 5342
113 233 4575
106 367 4783
345 183 1995
65 427 8732
452 440 3191
463 185 8599
240 69 7117
439 429 2934
328 97 6508
39 196 1344
153 303 8351
94 163 2369
292 415 9139
75 349 7999
46 71 347
479 22 4895
15 478 6687
213 221 3295
365 239 5670
366 481 8871
313 181 4342
156 458 1295
418 127 1835
262 103 4888
173 318 5170
99 471 1370
311 200 8199
393 483 2058
329 190 2274
400 80 8118
247 294 8334
267 18 8111
38 212 4276
58 211 3652
137 384 7117
416 363 951
14 106 7775
222 328 6566
362 320 6993
242 388 2767
408 309 6471
476 281 155
315 467 8736
287 449 8480
282 178 1897
28 348 8886
277 117 2520
206 29 4869
394 94 330
336 411 9905
112 217 1591
237 210 2954
386 320 5403
119 240 7392
220 230 2341
302 317 6389
82 250 5668
130 67 7886
456 278 8440
410 306 2159
390 132 5471
436 273 1559
387 337 952
75 103 8986
345 437 6751
235 465 5786
336 292 6961
412 82 8460
160 470 9262
126 264 4016
224 11 6885
492 193 9846
388 125 2992
151 349 7956
111 357 3310
239 201 9653
112 199 7416
441 293 7246
261 383 7896
145 152 2971
216 65 7057
219 379 3284
93 428 4846
347 185 519
98 347 616
461 288 8982
177 493 4481
293 136 9054
136 240 9289
215 404 4129
228 253 787
244 32 2178
162 495 7338
325 184 3344
325 141 5288
402 490 5775
109 119 5928
448 472 3434
435 496 1154
56 376 2466
67 88 6497
143 430 6263
274 281 7524
240 135 269
163 337 8308
306 356 5989
210 157 9049
349 122 6869
56 146 4579
22 111 9662
64 398 1556
299 218 6232
381 124 8314
151 125 2926
82 482 8497
362 163 5421
105 167 6473
369 464 3648
301 175 9464
166 391 3507
94 77 3044
412 457 484
286 82 5271
62 290 9885
99 474 4405
282 193 8067
106 49 3929
327 373 800
95 21 4128
291 128 2822
76 417 866
227 269 191
20 83 243
202 209 5590
67 33 8636
398 123 2619
172 313 943
366 452 2628
237 108 1033
58 438 9485
170 426 4764
286 263 3142
74 373 8263
437 102 4376
258 151 3303
455 294 3212
169 259 3136
60 393 1307
435 476 8912
217 284 6096
492 404 5350
137 229 7660
18 31 5155
478 497 3234
168 329 4135
270 474 352
407 205 7948
10 326 8384
396 223 9381
494 121 2060
431 99 8153
100 401 7634
259 181 383
150 422 6641
133 490 3314
92 430 3938
138 437 8154
474 0 2507
88 483 7632
57 27 4564
269 247 5085
271 264 6361
353 137 1566
95 61 7293
132 346 5974
331 66 7489
11 172 4000
166 5 7603
337 461 7271
232 369 8879
140 250 8243
70 181 5092
398 291 5494
219 366 5381
484 339 4515
190 226 833
139 416 8545
159 306 1805
38 442 3714
309 396 4380
209 157 4632
258 66 693
347 198 8566
304 398 6270
191 454 8904
116 179 2621
285 98 7840
80 327 8291
354 236 3939
438 65 5762
349 224 7158
438 440 2187
25 267 2105
386 339 1231
242 8 977
101 232 8311
403 327 5834
473 66 9326
123 343 7860
273 210 2717
427 410 5819
196 336 2663
447 162 6463
367 439 3501
242 271 1838
36 23 9405
17 65 546
131 314 5208
411 375 5084
135 52 7156
308 372 883
29 61 9802
350 464 6663
208 318 4775
307 473 7722
456 343 6568
202 487 295
86 400 5737
184 486 8598
129 249 3782
164 106 3462
493 487 8435
87 315 6859
361 187 3136
434 255 3005
146 314 9738
144 337 7761
298 0 1845
473 280 6204
301 128 9243
240 134 8571
164 385 8108
378 302 3287
147 82 5340
182 244 7293
494 455 9449
73 241 9105
407 8 6643
443 4 9371
241 253 2246
297 288 8726
381 283 3426
499 369 2882
31 197 1283
96 25 6097
351 102 987
383 36 7531
230 121 2678
212 324 81
396 151 2471
423 267 7924
323 154 4505
40 322 255
221 401 729
152 389 4960
248 412 8612
456 106 5482
130 58 9112
340 28 7083
26 124 4306
380 253 1023
90 89 8250
480 323 5825
389 360 846
348 254 516
39 254 500
59 304 3848
425 466 459
149 356 2732
391 249 2260
479 127 4389
270 237 4695
56 248 1366
450 428 9300
257 178 23
354 240 9817
101 386 2282
440 455 2177
476 375 2688
409 207 2785
127 146 2781
154 109 8329
300 26 3750
284 288 4907
93 492 4855
235 381 1553
9 127 1561
226 358 7241
124 378 2012
12 95 4655
428 426 2540
106 346 6202
300 338 5424
442 11 8717
487 249 8403
486 258 9897
460 65 3381
423 175 3812
329 22 4658
345 200 3996
125 375 5619
82 346 7086
223 376 3009
325 336 6664
40 301 3175
377 174 1752
148 221 6248
332 446 3311
36 32 1918
306 96 5300
109 250 9586
338 81 6113
288 21 1448
74 143 3783
121 286 9792
52 192 5567
165 264 6830
272 96 2920
414 35 1328
249 434 6452
275 434 318
114 122 6846
152 13 6871
441 184 8514
226 91 1555
372 110 4007
225 188 7555
181 147 9829
143 419 847
111 137 1284
347 81 3059
32 298 2533
404 196 6601
113 349 3358
35 327 9735
391 49 9556
224 144 4542
261 164 1004
367 312 1931
367 476 6614
8 307 970
234 50 671
32 40 2089
401 106 5318
22 184 9581
107 370 6535
283 451 3083
467 348 327
252 394 6485
228 383 3376
292 193 8156
9 377 6418
495 104 1347
439 133 983
346 216 9257
342 359 3709
38 123 2144
57 412 7920
350 31 7178
464 5 6302
413 146 5428
318 100 7312
98 91 1550
151 206 799
154 91 3850
411 1 9544
388 113 5474
337 318 3761
324 299 1954
427 264 2249
404 51 4749
240 373 2761
89 134 8444
86 316 2708
87 153 6667
365 68 3853
173 18 6657
368 97 1380
340 374 4722
137 135 8194
189 423 7801
268 340 1698
267 116 840
247 443 7345
306 34 4724
134 3 447
255 470 4430
160 211 8952
111 19 9887
315 455 274
337 154 6713
51 82 9551
448 177 9793
380 488 8708
262 404 4456
207 64 4160
294 107 241
156 343 8741
430 41 2527
29 493 1832
262 145 2974
408 196 3237
412 227 3437
317 448 4337
69 62 7875
338 51 7547
63 117 7659
242 49 7474
5 390 5719
107 2 3301
198 123 1481
333 348 3064
491 381 5118
129 211 926
122 15 5478
139 490 4453
52 471 6121
467 183 5252
31 236 8389
428 437 7697
362 431 2188
439 232 3770
408 1 6732
241 367 6764
81 264 8771
271 331 7756
51 387 3803
213 142 7917
442 469 2783
314 363 303
193 494 3266
27 442 4266
377 227 5499
364 318 9312
363 497 8805
52 215 3253
316 430 8610
375 364 4199
53 302 5909
299 158 7450
18 446 6991
467 293 132
237 275 7086
37 52 1940
411 3 493
351 125 349
464 457 5648
366 168 2215
210 258 3929
288 69 7908
116 222 6599
195 219 5529
214 26 5813
56 217 600
202 121 514
11 66 2423
218 8 8346
447 58 9842
442 209 3569
182 221 2895
383 454 7792
409 446 4324
486 241 30
312 499 6807
298 92 241
159 410 8899
482 0 4041
67 89 5586
314 157 4621
11 439 7237
192 468 4498
305 345 6848
410 311 3236
257 388 4225
72 429 3715
236 386 8678
400 433 9129
391 398 1926
386 481 9379
298 162 7388
156 92 1389
269 471 7397
473 375 1123
195 475 4718
392 205 1064
276 91 5616
68 149 5399
327 328 1445
106 454 6381
100 351 395
96 102 8230
247 324 43
113 390 6798
321 28 149
56 307 3089
78 75 7069
385 377 2772
78 451 626
373 450 7827
435 296 2525
367 383 8837
432 157 1739
250 117 7736
2 255 1603
259 205 6024
152 485 3514
156 348 8534
407 103 1739
399 306 3897
29 80 9213
221 96 9870
148 228 3321
390 450 5798
452 179 2071
437 342 7455
342 43 4342
107 109 6965
66 189 1013
209 133 2207
476 119 9204
150 242 3577
336 436 1150
492 434 3830
426 157 7377
280 244 7798
248 354 3570
86 463 1339
298 297 7804
204 37 8491
98 77 7307
311 427 2720
109 233 1475
350 191 6838
418 498 2850
137 106 3517
299 443 5216
320 350 1084
90 180 4009
192 283 7472
427 406 2607
301 178 4044
392 447 5089
245 46 2062
143 69 6361
150 430 1292
126 10 2239
197 199 3267
318 260 3871
356 475 368
53 337 7349
380 252 4590
446 464 2109
456 68 5484
426 72 1045
391 270 7042
28 166 1544
98 25 7112
140 258 9897
143 420 1887
294 201 6968
409 53 7925
68 168 7371
88 178 644
305 37 6958
132 344 4690
449 314 3758
344 463 4178
471 424 9522
61 24 8621
232 281 6809
357 368 3016
491 286 520
33 409 8568
76 288 4088
407 275 3327
206 119 9098
361 224 9630
439 482 5643
176 270 6204
18 352 5262
311 231 2280
369 368 6135
139 277 1569
301 131 7544
268 364 1286
52 0 4145
129 12 9756
150 314 4693
279 225 1632
281 101 8570
383 256 1509
228 377 2896
36 392 823
473 261 3656
430 106 2196
26 444 3783
403 259 1143
17 245 3598
200 60 908
116 318 5197
390 96 7939
326 270 8288
175 96 4280
381 79 9717
119 18 3061
56 136 1174
499 350 6253
324 407 3147
289 492 3522
107 265 5860
477 380 7493
113 97 6740
93 377 1624
239 113 3815
83 481 3506
315 108 8290
134 467 332
302 476 2201
434 326 2331
251 130 2094
436 36 4307
396 440 6585
157 226 9121
164 84 5731
234 141 2961
138 313 6796
452 377 6193
235 142 3569
65 281 9806
426 27 2555
142 245 4884
370 141 7339
68 51 4884
405 144 5236
386 417 1168
450 467 9954
63 45 4188
114 25 5269
0 416 4890
283 429 6598
372 81 7077
127 460 38
412 491 9702
248 342 1033
280 322 5121
70 416 2373
116 485 331
298 270 5033
187 289 1882
244 375 4110
435 265 2088
237 318 7379
433 450 8521
205 34 6659
307 169 6085
395 224 1425
222 394 8833
360 481 7458
196 380 9018
293 262 3951
425 410 5097
136 401 9617
369 435 9887
421 369 8902
135 417 7899
188 392 9870
202 273 257
95 157 6321
232 414 6427
458 262 9698
32 14 761
407 389 8681
181 293 6924
9 117 1206
160 29 29
277 183 1983
376 348 128
319 262 3461
212 237 3813
329 153 483
454 232 6347
391 452 1934
101 144 2072
68 61 5225
336 291 3770
98 388 99
158 146 1970
243 2 3016
321 252 2942
134 349 7977
109 150 751
476 46 6296
331 213 9623
116 311 3457
335 374 9344
109 395 5511
364 480 7094
52 491 9041
190 205 562
76 453 1186
112 30 402
212 387 6557
89 91 9123
41 386 174
425 380 1845
371 208 9488
414 400 6207
252 447 3044
358 326 5316
388 70 9931
437 197 9405
237 91 3726
206 439 7219
327 163 4176
285 293 8858
90 107 9389
138 258 479
190 254 7682
252 271 7957
83 268 2208
217 335 8179
168 303 1954
177 81 6671
176 80 9210
342 103 5930
110 479 5343
24 105 2757
128 231 9583
138 394 2605
9 368 6115
429 317 1087
43 350 7023
277 131 6089
440 2 5808
365 160 7008
471 8 6828
173 425 3507
73 464 6884
338 470 1458
60 410 450
43 51 2912
295 300 8515
282 219 4492
184 438 374
191 391 5582
495 470 2491
427 42 8041
261 84 5631
180 343 4812
22 241 2472
415 82 2893
138 69 9438
164 36 5539
365 320 8791
313 188 8422
418 456 3928
482 269 1792
431 304 5620
62 281 9438
102 135 2658
22 202 3520
461 335 408
91 49 1584
313 174 8751
409 37 2468
57 399 4565
389 396 6473
431 458 1769
190 180 7331
484 423 9627
123 4 8966
137 97 6604
117 253 5439
171 294 1069
53 361 4979
55 4 6139
239 383 7363
179 176 8899
184 93 9821
148 357 7596
15 236 8462
331 373 8255
462 479 2964
175 424 1864
453 340 5954
77 462 4280
41 229 48
5 12 1241
114 100 492
446 148 2933
234 432 5387
282 457 8561
380 178 1683
434 407 1773
390 301 4081
128 164 7898
278 415 6809
151 425 4090
149 359 7908
216 142 483
257 273 3125
26 76 5571
251 195 5039
459 115 4073
85 194 8307
273 122 138
153 440 4501
43 459 8532
225 284 1460
431 181 7691
379 391 7200
396 244 1172
148 422 294
309 88 7378
265 161 4727
94 258 4429
130 375 5510
261 298 6955
261 33 6006
23 237 464
415 441 3385
53 397 1812
265 154 5724
0 469 8432
429 65 7422
236 234 9589
337 114 1644
160 486 2676
84 461 2585
239 137 7463
115 100 6171
15 126 6724
262 298 217
266 81 7874
364 437 178
149 369 189
453 154 9434
152 440 7108
370 145 4642
204 477 3402
172 162 6628
41 335 3632
380 405 1448
119 197 4604
146 0 8765
408 487 1930
262 110 5760
409 134 2089
366 403 9979
253 314 5650
383 211 7211
305 237 7163
204 83 3518
159 406 6013
181 495 4101
376 480 6215
382 56 4907
51 235 6248
4 141 9615
45 318 4699
471 280 1613
351 398 4009
401 207 7704
451 474 5066
291 4 9782
316 349 68
248 453 5830
90 231 6255
456 331 7207
120 494 7967
311 352 7458
496 119 7674
238 5 5521
31 479 6751
289 171 7874
71 85 5434
443 498 5758
455 363 1338
410 328 4596
174 65 8193
180 481 8132
66 448 5116
431 268 5228
245 364 774
330 170 4857
21 122 6295
257 347 6559
366 388 1686
425 271 1908
406 44 488
219 188 4894
218 297 6614
185 471 4699
66 190 672
301 125 3673
463 242 3566
459 394 654
337 434 1670
130 380 4397
305 225 2131
159 17 2305
55 421 2104
484 454 5999
127 443 4165
231 280 7921
173 315 6891
473 459 3882
318 483 775
231 119 4633
357 96 8746
228 277 4626
230 463 7839
427 97 7605
267 324 6678
205 234 4836
208 499 8432
29 362 7836
441 165 984
170 269 3996
441 74 7939
225 256 9669
160 264 4052
170 358 675
359 321 1076
265 1 2804
350 365 5033
228 250 1493
54 140 6121
252 10 1529
16 292 6551
78 31 7508
194 312 1316
9 12 5768
32 280 8377
378 163 7400
194 119 4538
451 479 8453
57 467 4212
394 353 9796
283 470 7148
98 76 1597
30 319 8133
171 323 2036
164 362 1358
423 493 5607
8 379 8359
109 466 9715
446 324 5640
320 251 9214
254 57 2789
420 4 7686
258 429 8579
313 407 9248
70 345 7035
333 226 3387
133 36 9730
235 272 6649
459 298 4100
106 262 8472
282 384 2920
48 436 2693
154 138 4079
61 161 4336
110 281 6813
278 113 7396
97 388 1990
96 84 8879
201 4 31
475 167 7048
145 321 6878
232 351 1878
463 315 3506
36 148 8678
49 2 2010
400 337 6200
27 363 9268
41 208 3722
121 187 1002
153 276 4242
444 490 507
430 421 8399
56 426 57
373 81 5403
431 289 6761
475 145 3274
161 244 9089
48 239 8824
398 363 6175
92 493 1614
266 303 3668
29 149 550
273 164 8876
79 369 2581
127 444 1347
99 475 9726
343 223 9266
273 182 4190
154 97 7435
262 222 9107
51 57 1110
213 168 7654
23 294 7029
65 240 528
150 328 3296
93 360 2446
335 17 7390
11 149 1063
422 91 9121
416 13 3886
467 290 8759
403 347 6473
176 417 2305
465 362 9762
372 395 3032
430 239 9435
462 423 6821
350 260 3226
207 395 3730
7 5 118
94 45 6257
470 342 6911
478 132 6667
146 231 7789
295 81 9454
289 316 576
477 375 7112
407 337 1065
298 244 2287
190 233 6355
425 403 5246
46 28 5282
80 391 5333
65 80 7595
417 240 9002
126 454 3083
257 477 6348
165 269 5482
107 12 8873
481 279 9910
346 284 3933
5 413 7745
138 372 5391
319 426 3435
426 97 401
409 305 7644
321 256 1804
61 297 4161
86 330 328
383 380 972
124 148 7627
118 174 1804
352 459 2624
241 401 171
211 431 8944
228 57 2073
467 234 8000
498 285 8842
375 230 935
126 313 651
499 335 5105
92 3 6574
42 158 7239
198 296 5992
241 203 7290
380 476 1882
237 326 210
318 118 8247
366 245 4306
244 11 3843
139 477 2318
458 254 5542
100 183 5164
162 429 7327
300 213 3610
86 261 7607
222 134 2183
452 151 4851
402 97 7911
82 192 8181
93 25 4790
37 458 2914
435 161 4644
486 68 9484
97 484 3386
29 277 5345
356 351 4827
35 264 5970
336 197 9256
364 226 8575
411 209 5870
338 366 5
284 227 1337
431 366 350
420 65 518
43 234 1793
166 273 1117
115 400 418
183 177 6774
163 499 4691
19 155 4812
424 430 3390
394 150 1930
330 216 715
92 128 6102
107 417 6074
260 483 5593
350 23 349
143 241 2838
395 16 3080
422 14 7306
219 345 7161
368 474 5523
434 301 2123
31 498 4120
63 273 8191
493 303 5882
48 156 2340
414 319 8651
469 490 486
194 204 1562
396 364 7685
160 117 562
431 485 2414
263 275 6916
233 21 9901
350 301 6731
82 167 6086
332 49 6564
369 31 4023
0 444 137
74 64 1854
380 382 8061
4 63 1384
158 250 6639
171 316 4315
293 28 2346
112 100 7595
72 430 5951
346 185 906
462 207 5108
173 317 185
255 281 5242
246 244 4206
338 108 5683
117 228 327
168 152 1725
323 25 2763
239 242 3168
269 414 6454
160 413 5086
150 189 5393
16 87 6460
133 367 7471
328 322 9901
435 174 9449
235 90 892
464 210 9486
319 436 8373
347 180 3001
9 488 3956
199 113 5711
373 211 7564
345 75 5237
98 313 5713
473 28 8459
458 309 8436
197 94 3679
265 206 8495
188 496 4656
296 206 306
86 250 8359
158 420 5210
323 263 1392
49 8 8809
92 306 2737
253 27 9474
58 15 4035
82 222 5596
336 204 300
29 499 4907
338 239 5146
277 87 1571
224 136 7470
241 283 2636
340 292 7676
17 335 5929
78 51 4819
456 49 1757
126 242 8088
151 92 6682
174 211 6920
209 405 7145
300 58 2028
487 49 7441
311 68 9986
15 147 918
202 484 7961
61 347 3593
191 130 4250
137 406 6484
254 168 7056
369 173 2766
315 260 278
176 437 5030
418 297 2651
222 60 2931
499 98 1185
153 273 8096
240 209 4167
481 99 8506
469 414 3585
329 239 929
480 148 6822
214 319 3341
314 368 9678
158 41 6440
79 45 5052
453 403 5761
82 488 5450
35 108 7512
250 451 4153
291 50 8032
349 256 5089
453 440 100
90 464 4805
362 405 4822
437 458 8488
145 461 156
274 344 4699
398 476 2224
23 350 2913
105 468 5614
188 419 6159
317 283 7316
250 437 8033
216 455 3345
227 105 6602
209 78 6363
278 326 5200
42 477 2953
417 379 6202
416 157 212
24 236 279
80 128 3596
24 300 978
128 78 3605
443 238 6667
39 35 3024
301 315 4814
114 384 2859
373 241 479
238 340 907
81 220 4746
463 62 2825
321 456 377
16 472 6810
199 5 4210
372 148 8617
102 311 4044
248 55 2120
114 231 4942
469 68 8313
193 497 7932
428 394 3176
49 61 1268
478 162 9606
209 50 3803
279 84 7886
2 167 8807
375 183 6902
312 320 3752
88 298 2173
445 86 9763
144 252 5546
356 175 7616
419 310 1557
468 207 9270
444 264 5317
180 278 6900
36 220 7913
222 200 3759
415 322 3008
28 389 5322
33 277 6537
258 83 161
140 360 5590
208 461 2847
493 79 1850
392 162 7677
42 8 1581
4 95 632
78 445 7548
125 476 3158
69 10 4285
55 191 3173
350 35 4960
260 410 9779
205 6 887
76 324 8307
340 296 7721
202 75 1827
469 416 198
352 302 7162
381 226 9573
446 299 7420
261 292 3717
295 302 4940
329 468 4687
151 209 6054
47 227 1378
219 330 8245
327 353 8717
357 65 3483
324 1 8237
98 185 351
341 247 2302
291 292 5523
489 474 6955
431 298 6883
73 305 4179
281 377 6827
34 481 4745
470 173 5164
160 481 3433
339 150 8355
300 418 6924
273 103 2496
333 404 1236
104 480 5692
279 171 9446
215 481 6773
470 291 4569
81 283 9571
231 48 9878
485 491 9297
463 375 6219
111 334 6142
451 323 737
447 458 7982
14 181 8357
77 80 9347
213 487 9878
28 187 8981
58 493 7195
317 106 99
223 125 3021
211 351 273
382 297 1548
273 175 9640
95 444 6493
285 185 7251
482 404 7088
1 38 3620
209 240 8993
133 435 3102
47 247 8134
66 486 4945
273 169 3196
362 121 45
184 379 6716
178 79 1771
210 163 1203
217 402 1228
258 306 5121
268 322 4555
61 422 4717
78 16 8901
240 353 9827
136 211 5377
366 43 6476
342 144 462
394 216 4382
61 190 116
163 328 4144
9 259 7622
76 163 7958
464 483 1473
37 126 5237
131 73 1052
132 255 8643
313 160 7470
20 35 7466
207 390 838
312 116 5524
281 498 6706
450 274 2140
151 401 6954
497 496 7913
197 88 7588
455 189 9780
492 475 7094
163 182 7204
328 180 7933
353 79 4114
116 19 9339
192 150 8547
367 69 715
408 280 2197
78 157 9612
446 320 1927
295 213 3412
150 340 142
414 87 7094
5 191 4392
1 301 692
314 476 490
142 255 5535
257 197 6377
44 379 2715
335 202 7730
219 475 1170
23 362 4584
251 89 9412
111 126 2798
56 430 4469
385 352 6864
250 329 4781
320 276 4108
46 329 6324
456 133 5396
482 168 9446
449 211 3785
372 160 5980
346 456 901
382 445 89
470 73 2460
105 5 7718
305 15 3339
292 63 7444
231 259 9594
421 232 6243
283 59 9023
56 239 2078
189 421 182
197 299 3786
170 427 3902
203 112 7702
10 407 2906
161 415 1187
159 335 7389
421 378 7101
73 101 9559
133 273 7521
163 150 4113
154 494 2946
483 422 1229
256 291 6387
471 432 3319
196 139 7297
258 336 7469
0 33 7344
357 493 4847
279 230 399
174 435 2919
281 184 293
460 46 2956
77 150 8087
236 339 1490
356 71 7676
208 259 6320
397 143 2652
111 174 1230
439 119 7396
380 391 5559
383 252 2495
213 175 7019
138 221 9542
48 375 1419
173 76 8775
386 175 4592
290 185 427
109 246 6017
376 454 8582
456 143 491
249 365 5620
278 493 7312
8 150 2443
154 440 5286
490 343 3908
33 496 3639
263 169 2793
112 78 7730
59 213 2311
209 189 3938
390 432 1941
452 120 6009
472 478 8575
421 23 1450
105 408 6904
241 133 2322
328 162 9458
299 270 306
52 469 7045
225 0 1295
164 439 7197
125 175 8751
341 238 8860
13 471 4249
418 354 9551
88 477 5890
20 130 7288
433 213 8047
474 399 7639
117 462 8229
372 320 8914
294 357 2191
223 172 8657
56 189 9031
280 382 5988
445 53 335
233 172 4980
314 414 2554
322 17 2331
308 497 2695
335 392 5080
320 301 9944
387 281 2826
12 378 3695
314 492 996
365 432 8061
220 283 6732
222 115 5454
128 93 7935
479 426 5850
80 392 4865
463 393 3793
460 326 4818
340 34 6389
26 186 6125
20 204 480
53 37 1007
415 315 515
112 21 7923
418 45 915
368 234 7171
68 434 8926
293 497 4021
11 302 6188
275 318 7622
456 384 4137
81 351 8184
194 109 5110
354 380 8877
497 256 771
135 174 8186
410 283 3979
196 180 898
208 16 4462
174 224 2614
101 135 6508
240 49 183
395 126 5815
94 489 1455
356 306 1192
138 461 8355
216 374 2270
71 493 9122
145 73 6629
309 239 2904
215 385 5433
273 150 8966
147 458 913
204 138 6948
303 321 1142
188 351 6148
17 348 6071
152 134 8034
389 123 3532
175 98 2778
349 60 8187
230 176 8991
61 272 7069
363 104 8564
286 54 6887
283 452 8166
83 202 1272
381 239 2128
398 447 6521
174 312 2636
135 137 1568
476 373 9040
484 346 9606
114 338 1272
34 309 7796
423 387 8022
314 131 7549
482 63 5407
479 222 3918
166 27 4092
239 363 2352
359 262 6834
476 397 5998
101 345 9504
243 30 2706
90 246 232
99 112 7547
281 481 3996
257 342 7593
490 3 1031
172 179 6510
42 188 2185
52 68 5341
246 374 447
110 392 5075
199 455 2787
7 348 8356
174 481 2726
74 283 1463
10 449 4639
486 318 7862
63 325 9315
118 238 9842
444 34 9434
289 93 80
148 282 9615
241 127 8124
208 347 7424
131 148 9444
13 316 1751
387 198 8293
122 70 9684
230 295 4455
268 329 1041
182 166 4747
49 420 9090
53 491 1591
338 492 5727
37 474 5647
188 108 4875
258 203 9978
103 378 6053
94 9 4915
359 59 6116
298 367 2051
348 337 8809
0 194 8036
127 30 1063
285 99 7216
35 471 384
67 80 1843
431 172 6750
206 57 9714
437 195 9946
179 477 3177
33 135 4617
123 487 8365
28 350 7042
22 238 8265
64 230 5901
86 490 2567
266 239 98
211 261 8063
46 141 8518
236 130 8226
240 383 2064
26 107 7309
401 48 9139
471 161 4670
176 9 9235
337 82 3480
68 187 4966
323 342 3208
199 298 1632
32 2 7755
213 183 2778
406 469 491
102 438 2799
282 57 4663
5 9 8904
21 67 8542
440 208 831
212 33 4108
91 236 9318
432 307 3536
489 137 8671
142 351 9042
152 137 8393
86 460 457
35 425 3050
147 245 4498
237 206 1256
126 159 6987
418 324 8982
253 467 6256
260 386 8113
202 345 4650
174 340 9034
98 361 6235
402 330 7070
298 18 5543
60 445 2529
115 160 2437
345 215 6923
276 326 6043
210 222 1450
91 232 9719
234 44 7899
498 21 7770
347 331 6636
96 456 8864
171 126 3858
148 10 9068
365 94 1560
462 224 2494
127 350 3782
98 88 9119
111 419 4335
21 429 1992
385 42 8392
219 76 4393
485 78 8841
167 46 5710
43 129 71
211 349 7001
176 445 6721
94 207 2126
415 90 5079
268 286 6580
15 231 6917
365 118 5082
5 339 23
146 356 672
15 163 4714
200 498 7776
490 421 2249
362 141 3715
44 199 3695
239 117 3598
320 487 3128
250 472 7132
468 72 4402
71 385 1323
212 149 5926
416 20 8903
449 260 9923
45 103 1846
78 442 5363
64 325 7634
377 367 8904
394 398 1255
124 478 700
36 295 1949
440 61 8182
480 384 4717
296 386 5448
161 368 5573
405 232 4482
306 467 2835
282 18 320
441 110 9802
127 71 119
266 181 3505
236 9 6559
172 203 9548
15 487 4600
428 222 5980
26 150 3635
119 385 3276
24 492 1436
98 238 5683
133 71 5621
423 326 1267
433 305 9693
2 219 6456
290 401 7522
86 267 1222
313 186 2172
495 1 9436
50 485 9614
5 178 2790
342 296 6907
177 34 419
303 108 1971
20 7 8549
391 292 5840
198 192 4299
496 486 5882
481 427 9426
159 24 5627
82 31 8225
152 160 1342
252 171 6386
383 214 3241
379 185 7104
187 92 7381
479 166 4594
62 15 4489
241 217 1476
433 275 9592
151 207 3952
321 474 9992
33 224 8395
153 449 4806
163 443 8171
2 331 4561
103 56 2124
55 261 9121
352 443 6423
455 94 4178
198 446 2635
126 319 1637
145 236 4165
235 167 6805
493 184 7078
63 138 664
174 123 9441
195 242 3361
86 8 9543
443 259 3468
282 325 329
127 434 8066
183 388 2972
473 488 9618
323 46 3271
174 172 5030
188 442 2171
87 370 392
113 65 7992
288 96 8748
333 280 4441
463 138 5138
340 324 8331
27 25 9430
412 102 6029
210 117 102
62 265 470
495 442 1426
270 89 3893
320 106 8343
125 422 9628
386 40 2359
47 159 1586
478 16 7212
318 185 5071
205 159 6624
318 276 4758
351 230 606
131 277 6592
444 178 1514
486 263 7193
62 492 9598
292 330 4501
358 182 3664
157 5 2211
396 281 3309
207 151 9741
171 266 3421
343 497 7868
269 358 8831
482 73 8485
192 94 6288
365 376 7934
279 83 1696
191 357 3311
82 359 3077
49 110 5517
9 207 9888
21 2 5865
475 30 5680
80 414 5007
318 167 2258
253 112 3932
106 90 1858
350 218 9134
310 211 2103
295 278 3228
149 361 4921
165 69 9862
126 312 2994
11 105 5198
388 40 879
3 102 1090
426 15 212
5 379 8741
309 438 1495
69 339 7446
117 102 8054
449 379 1275
238 390 5489
166 325 6463
415 444 8773
296 367 2947
370 375 4484
350 362 7743
324 483 7378
336 168 7286
458 181 2276
195 200 7596
316 263 4598
259 92 2259
358 451 1388
267 175 2740
260 387 859
47 171 6043
326 100 4899
428 60 7173
410 29 4783
207 399 3327
275 95 1611
410 232 7067
85 12 4940
280 267 8774
153 388 7048
456 336 57
77 222 5121
100 434 1198
367 215 7380
423 455 4812
393 67 9514
433 143 3994
25 497 2343
15 188 6548
76 147 9884
396 24 4091
99 449 7071
28 62 3381
87 239 2874
268 384 5029
133 327 1763
300 54 7840
251 213 8239
349 61 8902
223 452 1082
146 150 4760
185 426 6609
313 35 1993
45 236 8518
212 102 7163
31 292 7015
186 190 4278
284 386 6247
108 468 2480
432 291 8733
309 432 2542
309 229 3592
170 145 2484
368 267 3214
406 223 4293
436 446 459
429 253 8647
211 314 310
176 157 6157
25 309 5668
318 213 6052
491 442 3183
233 192 4562
230 356 7586
61 16 805
115 258 7549
18 145 3196
422 237 5077
85 261 3397
320 172 5958
143 139 2713
447 157 7335
80 491 8019
0 144 765
336 461 9273
184 429 5107
24 142 3117
18 253 5529
221 302 1801
101 422 2537
63 360 2677
200 377 413
52 266 1729
337 100 475
474 240 1596
301 362 8958
370 266 1350
372 146 8051
28 58 7231
213 252 2900
437 33 1262
305 385 6228
430 94 9510
331 123 2846
387 454 8919
203 219 6496
120 432 9365
44 51 5530
6 440 5433
182 114 633
483 445 12
55 450 6544
218 316 8303
47 132 8079
184 380 8385
463 96 8295
384 439 6850
127 59 9457
53 175 7993
281 378 3229
194 307 8557
373 317 622
458 83 6234
16 106 5507
142 149 6392
240 226 6782
449 343 1288
339 351 5572
115 84 2729
414 201 4865
277 463 4769
84 155 6643
35 193 6399
175 263 5106
366 288 5356
246 290 5139
440 302 5240
250 229 451
496 382 5167
19 299 3935
190 362 4427
426 63 2117
240 220 3300
379 473 2626
154 157 7518
293 322 5196
200 325 5807
337 388 2689
215 434 4096
348 217 9988
10 140 9865
183 303 5079
278 327 7405
323 306 7418
408 369 8786
254 258 7151
108 407 7253
203 378 2807
106 353 9147
407 67 6806
328 411 389
99 470 7630
137 385 4452
23 166 7425
113 387 9195
224 35 2018
262 367 3601
345 499 5902
258 402 2223
200 452 243
367 413 8175
91 491 3215
172 237 7379
393 66 1010
462 50 3188
172 471 5240
2 170 2296
201 56 2558
261 345 704
228 468 3670
191 347 4806
217 126 6891
181 48 5726
470 411 4774
291 153 4563
122 495 7366
79 138 6369
213 67 3377
399 324 3820
266 402 9536
413 85 4471
347 426 8787
302 61 3101
378 16 2095
30 470 7334
206 334 8702
300 345 6402
360 487 5744
268 499 1575
381 161 1559
113 277 97
86 121 6986
200 227 7800
464 186 2206
185 375 7381
176 330 8317
469 411 1553
6 124 5447
5 499 9948
429 112 6763
31 437 4514
473 392 832
192 349 917
423 364 185
430 344 7565
479 442 7236
133 330 1993
384 326 732
90 101 5569
369 495 6803
420 202 5335
412 157 7489
289 230 4486
365 470 1698
34 244 6503
210 81 512
327 460 6134
406 243 4193
211 416 4743
341 416 987
34 37 2244
102 471 686
301 234 7360
316 478 1527
397 259 1137
422 184 6299
344 173 3523
259 483 5267
420 415 32
191 143 4325
138 352 9392
143 228 7371
457 173 7836
4 369 7096
339 459 463
261 80 869
263 493 8553
420 337 2486
61 398 4582
149 313 9127
435 159 5602
325 80 3738
204 395 8100
480 173 2195
313 34 6390
288 133 8966
34 416 3104
236 279 4006
113 315 9367
214 322 462
91 275 3800
2 355 6982
433 172 1258
5 44 4670
98 335 1160
481 392 8426
452 193 4577
229 24 9935
132 428 6420
64 378 8031
297 153 7124
326 353 8538
215 454 7174
451 219 4298
74 8 6850
367 417 2290
76 44 6598
484 449 3557
258 448 4529
447 147 7833
485 222 7626
310 316 4221
94 145 8711
324 26 7587
377 69 9609
39 456 7660
479 139 4468
118 93 7466
220 450 7280
223 377 1225
25 225 4197
303 273 59
28 429 8846
282 228 9248
251 326 1476
356 113 3127
112 290 6686
309 287 1316
122 489 6091
9 268 7958
192 408 8064
138 309 2385
342 74 6457
306 352 3899
398 343 3977
64 221 7239
137 91 9621
128 165 8246
29 194 3572
194 427 9179
329 93 3833
154 228 7813
399 4 8066
327 248 9592
208 130 2582
39 434 3907
482 58 8257
271 360 6268
116 316 3836
132 27 3325
79 422 210
92 162 9904
478 232 4093
416 21 3111
172 406 3390
267 228 6116
224 244 2936
264 77 5029
363 126 2632
257 476 9791
25 126 8481
85 165 8700
205 77 4252
305 266 4802
338 416 3276
346 319 4714
483 470 6007
24 79 550
243 246 4297
416 489 5203
344 449 2791
121 463 4350
178 148 1152
288 463 6473
380 108 9870
127 305 1768
157 94 6481
189 373 9918
160 103 2830
208 62 1355
333 468 2841
315 397 4433
422 220 3413
12 238 3261
400 438 3110
266 492 9753
84 81 9022
442 491 3697
220 257 7065
57 111 4104
270 291 2401
13 28 8778
265 23 2299
372 400 7299
210 59 6307
76 170 8731
321 79 7597
499 54 2224
207 159 1185
345 338 8483
1 122 5688
44 78 191
244 309 8550
274 218 5324
61 63 9725
346 433 3069
385 146 1598
380 230 3251
405 2 6583
32 216 2399
192 32 6685
233 36 5752
320 476 6118
131 295 8929
218 57 9445
181 316 5101
40 341 8647
396 410 8549
477 397 5908
35 352 5056
365 457 1533
210 304 1712
433 7 6007
194 474 7340
386 272 3849
344 214 745
151 89 6559
15 130 3474
468 5 1610
237 497 6048
68 484 7032
341 173 1448
396 341 4467
459 233 673
449 146 5693
89 358 4117
24 296 6455
380 447 165
140 190 7551
179 175 8641
185 337 8286
243 498 6733
161 398 7008
435 485 3828
122 71 782
148 495 4863
498 106 7577
149 29 5839
371 458 6501
361 463 2439
355 25 7054
151 387 2707
234 262 6082
437 24 9218
72 306 2151
229 40 5023
29 112 5975
142 465 7736
304 148 8547
71 205 823
305 325 9252
112 298 4593
43 175 2966
392 274 6607
371 39 9248
415 405 3431
234 227 292
94 283 6518
124 287 1079
163 451 7529
375 303 1259
363 129 1661
11 448 5995
421 46 1274
480 410 6789
77 415 9859
34 412 5875
320 428 1029
13 163 381
59 480 2173
290 322 793
353 61 6973
222 28 2788
147 475 4984
7 396 7000
77 418 5403
327 308 2858
51 244 7126
420 456 2134
170 498 2134
227 373 7848
101 296 8729
112 498 2637
75 398 4328
113 253 7123
68 147 7840
384 466 9989
311 455 332
44 298 9822
134 367 1921
246 380 6455
484 472 4265
214 182 8103
232 482 7335
347 463 9769
288 293 4989
331 223 7411
340 39 1923
17 183 1375
237 411 6883
133 285 9274
481 320 9562
59 79 4710
432 123 4629
472 462 8685
231 47 5087
118 492 4117
168 93 8756
12 226 4293
461 44 6431
37 347 4779
153 427 3197
114 424 8323
427 408 7935
73 387 3056
427 433 3041
222 359 5452
292 27 7257
240 471 2859
229 306 2272
401 315 1721
191 349 6546
449 289 3234
30 181 2313
63 391 4008
157 200 8667
268 458 3921
90 270 5604
321 80 1981
108 236 2355
95 264 6180
3 19 5413
394 420 1283
237 448 6591
164 272 6856
201 374 8032
195 473 2561
485 448 6866
383 41 2722
486 198 9428
465 477 5381
106 421 7221
344 248 3193
268 181 8059
26 53 4950
321 439 2671
176 36 9416
427 392 5348
188 444 4512
275 110 4359
167 326 8096
488 184 7529
252 403 6512
324 379 9768
62 249 3773
247 204 8106
32 212 5909
480 298 3837
461 380 5782
149 469 1449
358 311 9993
147 335 25
28 290 7666
301 130 2594
323 218 4532
441 255 7793
457 228 509
317 175 1810
210 499 3659
63 426 9016
314 53 9422
379 317 4298
423 406 7930
336 374 5582
422 340 8487
204 9 2525
365 367 4041
437 423 1288
146 290 3190
352 187 8366
27 460 2608
8 263 8046
313 376 959
130 327 3608
293 391 3142
421 459 4796
181 392 9014
288 348 7780
97 90 3669
288 276 7995
311 97 9788
491 237 7862
248 489 4044
458 118 3483
444 238 334
436 48 4098
48 393 1086
495 55 4920
366 184 216
2 34 146
224 328 581
266 32 1919
402 155 8226
421 208 7249
44 230 6469
397 362 5780
35 441 6880
372 162 538
380 150 2103
392 109 142
270 174 1165
46 85 4784
455 219 8700
347 461 2710
116 414 450
108 226 7411
103 331 1789
102 288 9976
136 377 1298
157 392 8907
93 206 8111
385 351 8506
203 252 3430
247 213 881
426 348 4151
300 404 2101
485 176 7992
105 320 7627
21 245 461
341 314 497
187 381 6434
267 136 115
37 214 6124
16 158 1261
183 458 3942
126 114 6179
109 59 6201
52 262 932
44 114 182
218 140 5072
98 431 3957
78 147 333
327 107 9687
175 448 9206
263 140 1911
171 402 66
496 238 831
430 157 9633
271 287 7586
433 164 8674
357 333 2886
487 283 3531
323 413 5191
439 413 2156
491 375 8250
145 18 1058
229 295 914
201 462 1246
121 143 2933
252 184 6452
29 94 5793
56 42 802
149 80 1984
188 284 7289
483 317 7678
106 41 2987
282 133 2981
101 32 4099
170 69 6752
274 127 6729
193 136 581
399 145 5591
307 290 1006
28 26 9535
145 117 7184
338 102 2453
394 311 2613
204 214 6620
406 285 3187
166 8 9126
417 481 9650
497 424 672
463 168 6168
108 429 8596
491 280 3610
498 74 2918
413 483 3419
313 243 4817
70 59 8306
11 265 7856
67 139 289
306 413 1010
455 145 3083
213 38 5777
268 203 4568
73 161 3805
298 280 73
101 62 6146
427 61 6134
255 333 5265
119 454 5676
272 274 5131
112 447 3652
157 70 6876
109 410 5511
416 134 2205
362 29 1518
432 294 4249
351 428 4578
428 256 8835
153 424 9194
325 269 441
107 123 8214
175 6 6196
265 355 2358
311 122 2856
251 229 7258
213 400 5888
223 194 2198
264 156 6529
372 479 9276
52 45 8551
282 445 589
242 376 3612
202 355 8506
265 13 7032
485 9 736
77 62 9493
82 483 6593
355 198 6548
132 330 2987
67 100 8162
152 214 1938
390 89 2518
457 197 5782
348 41 221
166 356 2720
472 336 6223
98 456 1277
318 399 2426
466 355 41
469 364 4739
69 102 7817
402 163 7360
360 92 2290
83 10 5455
293 462 2478
218 333 3405
138 144 4250
473 208 7044
17 107 8766
68 491 416
363 176 9491
131 14 3929
279 155 8678
118 210 699
112 114 2155
51 55 9861
34 315 5146
442 168 610
117 469 164
164 104 1048
70 334 9800
472 193 1429
481 459 9624
409 195 415
142 22 339
373 157 6706
193 178 8194
18 237 9139
370 466 2675
224 341 4049
427 35 2199
493 486 780
25 337 4263
1 262 9880
22 390 6979
405 488 8253
263 82 338
439 102 6947
429 282 8530
210 62 6280
327 145 9638
339 330 9450
396 302 5985
420 134 9297
145 350 4772
20 5 4824
50 404 9758
142 35 875
292 177 1594
134 318 8578
77 102 1651
176 24 1836
396 336 5801
411 19 642
67 186 6129
144 52 8825
431 24 5673
244 183 344
425 331 1454
309 76 6314
189 478 284
423 443 9923
63 132 7107
327 478 4958
33 474 3105
389 458 7678
136 216 8303
291 488 8992
2 236 7134
35 33 3761
218 387 6009
338 158 4019
252 109 4953
19 230 2108
269 402 2474
278 226 2800
273 378 2559
224 499 857
452 294 8947
101 224 8826
487 466 4900
121 108 6813
369 309 8571
200 105 830
10 250 8425
16 412 7946
223 112 2786
14 331 5940
331 332 9593
137 277 1110
432 271 9690
258 197 9303
362 282 9310
63 334 6921
353 331 207
239 423 7926
439 480 4030
471 105 4687
140 307 1990
405 154 8767
366 310 418
245 114 8546
268 192 4679
246 395 4357
66 7 1268
111 117 1285
375 254 9073
145 362 1792
141 291 7054
122 233 2600
322 314 2268
194 102 4603
396 101 8896
433 448 4691
320 282 1913
41 289 122
412 62 5813
251 159 2487
202 83 7707
354 479 6453
310 279 1919
185 136 6665
119 238 98
468 360 5404
218 118 2940
169 475 2327
285 113 5519
423 304 6532
492 45 3359
111 336 8326
174 272 3156
327 264 4096
51 396 2377
215 165 4886
213 186 7239
425 53 1870
309 185 9066
378 65 9314
265 443 7788
244 29 6766
96 105 6891
35 479 3049
275 147 1156
405 340 2787
427 491 5009
263 118 9489
260 177 6818
392 226 6980
37 317 1611
335 80 8728
118 234 3404
352 304 5006
93 9 8878
367 9 1483
434 497 3031
353 367 5232
187 459 784
120 324 3582
50 494 1042
259 439 7170
288 232 823
7 190 6410
450 461 5732
48 93 5060
452 188 1676
264 288 4275
198 37 3166
199 444 6601
190 346 8518
184 82 222
398 479 1566
134 310 2670
497 139 7569
48 10 4110
331 489 1517
450 218 1047
470 172 4453
405 136 1428
149 88 159
235 164 7494
468 293 9027
349 110 3341
467 205 5196
165 37 7041
447 325 3883
141 233 3868
454 369 3352
304 54 3971
327 465 9325
291 343 8636
259 469 8474
36 131 668
221 256 901
313 323 7413
39 460 2980
422 54 9808
475 91 3259
474 328 8098
357 453 220
466 302 6341
394 338 9130
492 155 2577
298 457 1021
282 338 1172
420 74 4264
263 450 4101
239 453 8356
334 287 7539
394 443 3193
197 79 644
456 234 7571
477 132 1889
361 233 739
352 201 4199
152 63 9524
407 386 6170
444 269 2182
225 278 4133
406 330 4553
307 488 7256
254 119 9663
220 48 6368
163 110 8964
425 439 1048
371 123 8833
304 193 1498
278 446 8048
153 234 2420
145 189 4399
297 207 5785
189 293 4688
400 210 2723
292 375 8339
275 351 90
14 232 3831
411 259 3601
456 262 5639
204 397 4267
488 210 5002
258 109 6165
246 452 6346
464 317 4861
359 332 3469
138 338 4174
474 480 5666
275 34 7818
262 248 4083
461 330 5101
83 338 9276
242 160 8903
76 239 1313
362 164 4442
224 201 494
364 240 146
394 266 8409
371 373 8480
343 439 5510
68 88 6679
122 23 6944
408 430 2936
274 219 922
43 9 9807
464 120 2700
276 381 6351
127 362 7210
159 269 6728
463 123 4011
487 293 7117
363 42 6561
422 255 7502
256 26 1457
446 373 1081
266 13 9819
286 148 3682
87 472 2821
485 11 1973
260 211 8042
274 263 2098
290 240 9751
248 473 2799
56 383 6175
70 429 2980
429 382 263
162 148 5294
70 186 6464
434 176 2945
267 186 3475
440 474 5817
128 384 8912
134 37 1213
4 285 4459
147 155 1950
209 2 4764
76 279 1995
381 271 8059
236 42 8749
79 307 9876
285 492 6052
219 56 7142
139 170 345
138 76 9300
218 186 8693
110 423 4394
330 302 1863
317 388 3413
274 32 7047
95 101 5530
25 67 4370
127 412 4415
400 439 8965
436 6 5892
181 451 7035
296 417 5477
311 232 7367
105 406 628
285 34 3495
398 106 8913
477 185 7748
205 180 8139
460 197 3953
218 18 5221
48 64 43
94 367 3868
52 65 284
186 10 4815
131 311 6309
209 333 2101
81 60 8264
280 486 2772
18 85 7166
26 264 7315
316 491 600
31 101 2188
35 446 9073
357 60 9006
459 448 7606
311 124 7004
295 482 4120
449 88 4323
221 213 6734
480 330 9916
276 418 1896
222 476 7509
370 451 7943
267 240 2726
347 302 9995
283 118 6220
3 370 5102
127 276 8064
289 215 5296
284 110 6816
279 357 4646
213 220 9323
455 421 9788
217 221 8976
388 280 113
138 143 8932
46 162 2469
39 201 7408
178 369 3042
324 220 4620
7 332 9017
436 352 5238
398 33 6742
315 11 5816
390 12 5221
286 19 3735
288 375 743
298 300 4118
175 182 4234
474 238 4326
156 310 3930
407 184 248
271 268 5942
75 195 8424
102 300 6530
169 444 8335
347 32 4198
484 370 7879
284 416 659
492 111 2832
104 136 1226
118 387 89
440 388 5216
136 61 657
357 90 5570
248 139 5421
194 25 8404
428 306 8865
107 156 6868
473 265 3887
152 94 8288
404 325 5907
497 210 6556
398 132 7113
206 87 6624
282 142 1647
466 96 5224
70 475 8407
384 207 1214
397 428 4825
222 431 9072
466 210 1668
195 370 3617
178 453 8949
413 374 6690
475 372 911
164 468 8597
361 64 3190
337 403 6064
148 409 372
117 36 7238
19 88 6030
425 98 6979
426 389 8113
242 168 1585
319 70 7558
260 38 7172
483 129 736
354 4 9456
455 495 4567
347 60 1518
323 422 2794
70 405 5154
356 308 9315
229 304 2149
472 486 2885
495 76 1668
68 416 2909
178 465 5871
88 44 9
399 32 5283
496 187 3449
378 180 4818
385 66 9515
379 348 995
148 414 7535
313 17 8822
151 220 6745
410 220 3708
25 131 4168
206 79 4379
356 474 5136
381 90 2928
150 144 8524
68 398 4733
176 281 2083
56 397 8203
438 164 4022
309 293 6945
197 65 7224
92 80 3768
323 51 3357
147 328 2415
261 59 1404
469 181 1196
295 165 8469
373 27 8234
58 375 8832
201 167 6502
470 222 8263
9 185 6357
390 257 8572
446 259 2763
27 359 8275
31 87 7832
93 119 8130
264 433 66
446 445 5370
221 451 8003
446 486 6756
395 86 5868
213 372 1403
121 46 6551
318 53 3963
221 120 4080
494 177 6176
489 301 6056
126 309 5105
5 218 5241
127 56 7706
111 116 5596
125 142 5901
285 96 4612
356 112 7059
197 285 4682
421 404 9179
183 63 5688
4 133 2623
109 6 5529
302 177 1339
102 107 5960
480 472 6950
226 225 2190
402 248 3245
300 3 3365
89 441 5562
391 393 9565
259 191 5574
252 3 8419
387 219 1412
363 89 956
497 278 5868
489 410 8800
227 463 7419
72 410 8113
301 349 154
149 395 4583
7 234 145
43 157 9814
30 115 6854
52 98 8048
338 286 4948
259 187 6071
245 269 640
114 161 2076
222 61 9787
244 262 1510
413 219 9267
374 89 7934
151 487 6326
374 108 734
107 359 2704
257 8 8177
107 152 1542
241 453 7641
496 398 7109
110 494 4113
120 300 4701
372 476 2862
194 447 3445
331 210 4424
121 382 3590
14 242 9399
9 2 1974
206 138 8144
367 296 2609
412 323 5336
272 493 8230
409 221 5775
95 373 4759
385 226 7733
215 460 1769
298 196 7591
365 429 5087
345 168 869
346 153 3271
433 56 7864
11 363 8098
287 221 960
169 380 5768
81 66 2325
351 433 3688
364 342 6235
181 93 818
370 496 8506
485 280 7011
210 341 5976
98 415 8522
491 316 1687
141 14 7501
44 4 8107
411 277 4502
359 465 4263
494 58 4792
312 382 5383
304 71 6004
496 63 7009
491 428 2107
105 489 8971
468 137 4288
401 225 5184
153 459 7481
86 225 4036
180 57 7819
199 257 919
22 407 5554
177 239 8252
23 66 261
317 60 7728
276 76 4943
273 36 4531
328 269 8869
313 144 4053
436 486 2532
411 52 9209
369 402 6212
127 238 1057
46 385 3270
409 48 1262
267 153 1594
293 53 9395
203 12 2811
227 300 306
96 257 7238
362 379 290
13 383 6990
469 111 4561
379 138 4048
120 420 6805
43 308 1874
370 263 3663
423 388 8604
433 121 1020
464 242 7930
371 347 5013
456 444 8987
179 206 5697
354 169 5928
456 334 9489
480 179 174
440 94 4430
289 319 9689
306 190 3523
428 134 6347
427 422 5093
137 486 861
352 184 6628
321 229 9741
150 386 6525
123 135 102
377 290 9555
28 256 1551
194 283 6306
70 237 3864
80 381 3256
44 71 9681
190 270 6919
358 482 3401
176 241 78
465 13 6332
421 474 4514
66 98 4770
254 498 9796
59 257 854
103 250 7272
479 458 6990
176 455 6417
398 27 6508
314 259 350
466 301 3008
378 272 9980
60 3 6589
494 10 6481
222 25 9897
15 192 1647
383 226 5039
282 449 2809
261 299 8346
340 11 3354
81 336 7951
229 466 6134
203 415 4986
313 248 584
422 103 736
215 489 7356
434 316 1529
335 384 9811
367 147 3417
328 229 7007
117 87 281
38 171 3853
185 210 5238
213 197 8684
7 300 8932
261 331 8651
203 390 3471
463 94 8722
431 193 8937
109 304 6196
353 283 6866
346 367 8677
276 425 8406
370 339 1266
45 365 1565
175 134 951
343 69 7054
395 75 7211
418 301 7587
153 47 8215
479 65 9149
418 115 9600
203 331 3035
424 90 926
172 124 3701
335 188 9301
352 415 3168
44 316 5581
120 424 7013
152 452 1733
230 445 4207
67 118 20
130 34 9890
460 261 7085
296 195 4696
72 169 6542
196 292 4695
103 222 7398
98 420 5026
479 282 1632
14 234 4067
437 185 1850
272 16 1432
312 496 5739
249 112 2391
275 382 1206
166 111 8604
78 56 6202
266 123 4143
483 39 4277
219 24 3320
69 424 9939
455 314 1751
131 256 6015
50 204 5705
6 312 5450
308 53 7030
446 129 9364
473 99 316
121 461 8484
77 79 6364
283 413 9946
461 13 4054
39 24 830
96 144 7372
364 173 6573
361 252 9132
288 176 1200
101 450 1664
297 133 4578
443 66 8414
66 84 7491
398 134 9853
463 317 9356
438 199 3257
115 168 1338
5 301 1887
169 447 8964
307 416 729
127 189 6914
211 284 1036
404 105 1260
316 66 196
202 72 1897
222 108 9171
92 51 1845
120 11 1487
292 341 3389
477 127 8644
232 244 5322
218 349 7528
383 400 1920
96 231 6590
186 450 1893
391 126 864
34 276 7476
458 441 6001
279 461 2494
310 230 4926
16 90 9487
160 253 7777
82 33 4272
108 110 2496
352 263 5823
215 348 4506
389 415 9625
442 119 3555
289 323 7026
28 346 2858
43 118 5108
23 363 1733
175 90 637
103 476 2954
269 176 6164
490 112 7249
412 249 594
494 390 9945
31 279 5784
347 205 9875
151 424 122
319 376 3819
465 107 7090
111 293 493
227 19 5970
286 401 9693
348 46 5932
355 140 5746
28 316 9516
150 170 6077
374 459 9233
484 130 8734
99 67 9361
195 327 6699
98 18 2153
271 302 7848
400 281 7040
244 474 1036
1 277 1439
413 458 7035
292 324 1298
415 351 1255
245 296 6928
481 426 9443
327 392 7847
18 200 1722
388 473 6941
290 266 8506
356 90 4810
478 334 7937
421 376 4943
219 182 1082
71 149 5865
488 225 9515
398 320 2327
214 392 3762
243 412 3697
373 455 7001
27 353 6764
220 38 862
282 159 3741
473 82 9574
90 45 2779
123 189 6866
406 245 3613
320 45 4533
465 265 3597
275 432 9208
185 288 2900
235 254 2538
335 258 5414
328 497 4760
27 135 6776
296 457 223
152 118 2794
46 102 4721
197 270 375
229 290 5095
294 7 2193
155 238 850
362 438 6606
170 73 60
476 342 7322
60 490 2990
470 138 9728
327 484 468
392 363 4962
30 19 8351
98 235 4593
86 23 8485
335 8 2600
182 12 4814
274 168 9812
438 68 6216
27 177 4255
308 365 9053
63 403 3811
485 398 1647
467 187 7
99 425 6492
465 133 2280
131 257 6601
477 152 3378
221 49 1540
462 153 5896
65 268 5772
330 185 2664
440 393 1455
303 467 1937
120 258 178
271 481 3643
292 384 8411
9 260 6465
277 14 6236
175 384 5953
183 415 9327
284 441 5316
10 109 4672
342 315 7619
459 8 5472
391 213 8175
487 230 6437
76 376 2949
332 150 2778
291 16 6685
131 371 8319
210 125 9894
106 30 7335
374 106 1585
62 88 4472
489 369 4010
176 378 9446
190 173 2633
248 399 3061
495 84 9825
164 158 6316
402 89 7799
345 304 9179
414 111 9229
165 122 4286
12 166 7417
468 94 6899
91 19 6226
386 385 2298
195 460 7726
327 490 5830
150 60 7307
280 177 6377
4 125 6792
248 256 7137
481 103 2578
446 318 6763
1 282 1317
32 96 1846
32 370 3234
329 131 7697
299 190 4234
239 77 9712
411 387 5574
283 435 2086
177 482 4623
336 409 9771
403 176 767
402 499 3879
55 398 2401
404 233 4977
383 111 8169
57 453 429
7 41 4219
387 243 9475
217 376 5304
481 419 2939
314 461 2341
434 358 8009
174 496 3952
457 423 3232
188 475 6637
77 294 8315
215 303 3021
336 347 1143
11 468 8001
60 480 8859
148 85 6880
50 298 4664
395 204 8372
484 187 1805
76 425 203
126 393 3050
222 347 4474
212 66 2731
92 378 7768
472 271 7659
195 279 2998
494 463 8449
329 376 968
187 417 6454
483 362 6402
350 458 528
78 119 3890
194 337 4226
177 391 1583
425 189 7787
386 280 2265
246 375 8933
345 205 5418
405 347 7313
229 464 4750
350 20 1927
216 139 9709
312 122 6489
197 310 8455
216 26 6759
476 116 5744
122 295 8783
475 206 7794
108 148 363
41 340 5318
264 192 841
328 251 2562
434 161 1511
315 408 2642
158 371 2370
334 374 9890
193 275 7554
497 274 331
194 220 1009
32 475 8089
453 279 7820
477 454 5529
417 48 9457
28 371 3511
361 17 2443
28 342 3882
118 273 2794
334 315 8748
224 495 5951
88 414 6351
416 98 9684
18 358 1737
274 220 4005
478 397 633
149 73 8555
284 350 1601
388 176 6205
100 390 8340
80 406 1116
170 83 9423
256 459 9446
431 171 1047
497 31 2152
307 491 1176
334 110 7222
86 420 8559
443 116 6727
156 361 4347
364 167 2300
335 380 1352
462 0 5290
456 147 6774
477 406 6001
494 175 5969
403 256 9005
374 85 2221
278 348 8928
58 117 6976
158 145 5530
135 66 7202
134 312 7038
179 116 985
154 276 7056
291 13 9857
300 230 7726
435 218 2292
123 312 5762
309 89 6108
331 447 4994
204 345 9324
240 422 4787
466 272 1562
407 358 7669
255 176 6628
366 190 2596
456 108 7155
143 60 1906
75 206 1461
48 2 5591
150 330 6520
144 25 1163
287 470 4215
159 38 9349
400 242 5104
49 326 2608
440 191 3894
326 313 6961
278 269 3253
496 49 8453
249 455 2463
392 219 3880
309 159 9250
462 168 4767
124 292 2654
429 70 6150
48 72 8517
287 101 4600
55 104 9076
412 390 7018
259 244 4411
190 228 9879
460 254 9855
399 385 1302
159 447 7027
190 359 8224
365 80 3768
92 485 6836
468 135 9310
140 139 6645
316 156 9202
27 308 7976
79 434 2100
114 102 6942
367 400 9781
370 470 363
239 131 2843
102 444 2513
39 186 3139
83 261 8084
381 166 3192
124 117 9978
305 169 2078
275 286 686
397 271 581
481 51 5050
76 95 1582
232 346 169
407 223 5585
197 176 5826
360 221 3764
144 379 8148
205 337 8030
327 441 5440
363 71 2672
59 35 3144
207 303 7630
25 91 8483
168 498 3395
66 313 8520
474 387 6162
55 162 5236
94 286 491
197 329 4612
109 340 914
170 202 2237
130 229 61
280 448 9864
390 207 4016
340 87 2662
409 43 9141
31 244 6558
314 401 6344
316 177 8795
66 316 4947
108 71 2576
498 272 1527
418 305 8101
396 113 7398
427 153 9299
373 163 9546
25 197 8093
76 306 3886
255 313 1084
145 345 283
185 107 9651
315 299 1592
205 141 576
458 205 2008
79 193 3899
278 469 8136
168 366 3895
455 332 6455
460 311 4374
320 208 4220
466 310 9201
164 109 5494
256 74 91
470 498 7268
82 213 3240
338 23 9483
90 104 5887
74 184 5160
337 122 6532
149 401 8302
203 249 8162
128 226 6599
250 23 1670
269 27 9864
212 28 9789
342 63 2297
227 232 1559
379 89 8563
413 487 2294
276 265 4664
183 427 8321
22 148 2080
15 344 847
99 204 9231
48 50 5989
397 131 4889
202 434 2610
483 427 3663
423 445 5660
351 490 5669
443 106 2701
289 278 3784
41 68 8827
421 45 5500
413 352 7315
378 426 320
262 492 5763
116 186 3935
491 329 1749
206 336 5084
366 75 7703
453 184 3238
144 174 5210
310 297 3266
75 126 8201
345 79 1685
151 148 2208
383 229 6284
443 126 8955
358 404 4683
264 198 5225
70 42 5588
388 130 7912
323 447 4805
86 160 8296
46 305 1830
392 458 6317
408 427 8092
161 107 9871
3 439 2283
418 453 3101
55 382 8240
73 152 7625
260 482 4743
344 396 7161
377 14 1533
49 187 4121
330 328 1800
359 413 915
280 40 2287
356 191 6588
288 396 7979
444 149 1570
51 96 89
69 155 8285
242 30 6419
24 390 5068
99 268 8
297 450 7010
428 226 2570
243 391 6459
52 340 3076
24 99 6774
312 333 7556
305 337 2183
83 287 9985
202 462 411
58 423 1512
343 106 1502
368 239 6253
475 42 3692
203 308 9754
203 16 4715
411 471 7128
54 300 7877
367 67 8399
27 392 6799
93 233 1433
404 315 8322
128 432 7963
189 435 2072
105 170 5669
71 285 7350
252 382 4525
474 356 8827
122 493 2913
168 140 4140
488 86 55
253 138 6614
324 103 6653
155 25 1438
182 203 4778
289 344 914
254 151 9094
28 334 1421
471 356 1762
108 362 4854
69 330 839
161 42 9773
402 484 4039
120 264 4005
439 481 2563
64 382 6756
451 254 3941
444 218 2294
346 10 7493
192 348 5452
40 317 4473
34 419 674
159 372 8708
51 423 7625
369 42 9619
72 471 3203
168 212 1002
377 111 1382
131 198 7417
176 46 5623
405 411 5783
298 234 8331
231 323 6494
495 298 9993
316 172 174
245 453 470
223 326 3973
39 22 3768
368 391 94
209 351 6791
205 223 531
365 397 3939
366 472 7508
276 205 4562
184 322 474
17 2 2206
148 354 497
246 366 6384
385 243 6398
54 99 684
456 408 9332
242 83 7365
359 296 7330
71 230 1876
359 331 2117
373 419 2677
413 5 7245
199 406 7579
465 111 611
388 312 2734
281 38 7419
403 341 5540
451 329 315
135 232 3603
432 204 6000
494 204 6907
353 378 1736
157 195 8570
49 269 676
193 350 2884
106 159 9965
203 271 1060
161 307 3813
202 111 8248
165 27 4065
69 427 951
42 102 2102
97 284 1842
184 262 3553
361 384 3586
163 462 2375
361 286 5855
381 227 8260
212 405 7581
232 175 4217
486 73 7349
300 167 367
181 488 5286
104 315 9031
6 480 4287
419 157 9247
183 407 5667
131 242 4345
45 475 9171
173 424 6734
34 444 3768
234 173 290
201 46 2197
392 448 8749
465 489 6751
456 495 5790
222 179 4427
498 71 8781
494 470 9415
332 191 6057
465 135 9767
22 322 2066
477 121 9762
208 303 2585
290 28 5585
57 200 4089
4 69 8219
486 427 8180
291 242 7656
401 84 6789
51 382 3059
42 98 2966
337 33 9541
179 144 6315
164 0 8035
138 472 2999
143 174 9240
416 469 3359
425 454 7031
414 357 5622
57 495 7607
330 476 3736
315 304 3836
348 130 5698
30 261 4655
458 442 3133
385 268 4426
78 327 9702
96 491 685
378 436 5609
147 360 9529
460 26 863
7 154 190
305 165 8371
300 454 5442
390 0 4920
73 81 3186
437 132 7875
293 363 3171
126 266 3377
425 122 5133
456 361 9887
13 221 7496
314 109 3663
158 467 2118
175 10 3649
52 43 7927
227 346 253
68 347 2198
217 275 5249
210 358 6796
327 94 2426
488 29 8151
51 390 7148
13 452 9307
278 164 4406
200 459 9274
158 21 5051
244 270 4379
357 117 3873
429 160 9659
253 422 2313
63 421 7188
458 36 9789
338 119 5866
284 335 373
380 275 9828
268 173 2414
163 123 8061
487 166 6497
216 86 14
392 114 70
79 149 8843
393 98 5770
460 365 7328
488 195 2744
438 332 8743
61 169 2444
18 316 5444
462 213 2825
190 62 3131
131 137 6917
87 398 4033
81 173 9003
46 0 290
35 495 589
497 150 440
6 88 1537
122 276 8081
174 335 614
285 221 3568
25 281 5035
105 404 5012
88 237 9875
282 317 3581
151 204 4021
109 392 3490
429 69 3892
380 42 7740
64 113 1434
81 425 7122
360 212 7025
311 168 905
342 304 6304
451 473 1532
266 252 1506
192 298 1874
59 105 229
112 337 9022
208 275 4175
379 411 5656
499 161 7930
66 50 4754
469 98 973
466 441 5463
119 272 8320
272 327 8003
204 415 273
269 333 4410
467 350 1424
1 409 1142
330 475 5615
157 34 635
384 357 3198
211 50 7166
384 212 9533
486 61 5989
397 86 3814
386 340 7472
351 381 3197
426 42 2051
87 305 8635
90 134 69
12 119 4382
398 174 7503
362 322 7863
269 433 8879
339 12 8135
249 85 5873
173 59 3244
193 65 6329
204 243 8461
193 262 2414
385 313 2022
494 263 6728
140 47 1469
283 253 6479
18 170 611
436 419 2963
445 217 3059
194 235 4
302 399 5876
479 482 6570
239 260 2884
248 170 5286
226 401 7876
123 299 6195
461 109 3965
278 42 7986
263 319 2351
400 176 7792
142 78 323
86 102 2607
61 218 6657
50 30 6365
50 148 7070
348 111 6862
413 333 4008
462 141 8672
260 49 1729
140 333 9403
39 20 9649
299 272 19
441 363 8762
29 462 7348
383 239 5702
266 428 5522
136 358 6999
19 314 169
349 369 4078
443 19 8632
84 295 7026
247 389 3400
165 81 4501
64 467 1568
309 29 349
476 396 3686
27 336 3744
71 84 4586
121 455 9604
83 310 1510
271 106 4711
402 74 6710
152 8 7756
54 135 6695
456 399 9225
191 417 3035
351 225 8781
310 358 5520
332 244 6874
351 121 747
309 21 1651
425 283 8911
153 16 9929
242 267 9826
57 36 5287
445 65 9100
451 412 1319
410 27 1538
459 123 2063
428 4 5035
134 282 2748
271 72 5251
73 143 1881
96 386 2969
104 251 6493
7 305 7621
423 36 6992
86 382 64
337 137 1546
175 37 1070
407 326 8780
159 463 9307
406 100 5447
54 105 6790
231 325 7106
74 348 9179
228 110 5976
223 392 8520
196 305 9997
139 452 4889
76 432 5698
448 67 7055
196 133 8377
428 367 2475
391 16 8656
436 3 1989
483 236 8865
318 140 5000
442 434 5432
157 251 1095
163 20 9798
160 240 9642
165 244 7600
98 467 4798
416 318 2462
98 212 2740
186 75 4366
179 218 1993
68 287 1156
212 262 560
343 154 8026
289 312 1169
286 102 1978
253 168 5011
94 288 1006
366 128 983
344 45 9434
375 495 7587
90 498 8224
67 50 3537
155 456 7452
253 499 9937
26 296 186
418 221 5526
421 240 8789
13 447 6643
75 482 7208
374 494 2995
298 36 2631
288 323 590
242 233 8493
138 336 8073
111 222 6964
487 397 8629
439 110 250
39 316 5789
278 498 447
142 102 3157
5 166 5952
487 143 7470
203 495 7270
464 134 5635
146 463 1661
437 441 7869
203 87 8673
482 97 4558
240 301 1396
464 481 4874
84 57 6589
329 364 3309
324 390 3172
493 285 651
393 482 5975
141 335 8830
208 437 8792
105 119 4506
301 268 7637
287 107 6428
416 444 7282
75 239 236
331 492 6195
453 16 9078
349 332 5388
293 240 529
472 87 9648
74 103 1643
25 255 3827
466 144 2466
443 202 8393
88 173 7918
105 392 8606
287 342 2448
55 147 7034
316 159 2151
221 391 2762
409 18 4330
234 429 9049
153 11 4846
259 468 8900
139 198 3565
223 335 9595
336 75 4345
45 294 9689
415 493 601
17 62 9674
18 102 567
203 358 5427
337 64 6187
295 434 3399
116 158 9236
77 396 4307
209 49 5233
367 309 2070
456 499 2530
487 219 6144
458 344 7880
25 258 5085
31 474 9210
332 222 1681
179 433 9621
118 450 9088
307 450 801
57 385 2808
481 321 2834
92 474 4816
451 8 2583
355 281 2805
180 131 5698
169 37 7577
344 247 3726
316 498 1237
9 219 187
374 84 7427
483 76 8307
402 378 8014
44 237 8841
311 310 2630
122 67 9924
398 401 8088
279 156 4901
435 216 8550
357 200 4662
474 68 7102
105 107 6835
476 317 4515
454 109 863
84 269 7380
112 155 7629
168 99 3985
27 268 9142
96 265 7896
374 261 8044
176 386 1793
282 357 7628
47 203 2383
239 79 3236
449 318 2812
17 139 4648
181 121 9595
117 424 5181
172 166 7743
433 171 7780
327 127 5162
295 153 7100
286 92 4294
434 376 9870
73 91 9161
115 436 2580
494 222 3214
325 315 295
450 206 4895
474 165 2953
68 156 7661
33 405 6431
396 73 6670
370 395 7830
48 434 9634
44 486 3264
124 144 9729
2 124 6684
190 41 2120
216 445 4647
65 316 7158
450 315 6064
415 430 8287
343 316 6973
466 109 8375
11 404 9539
30 34 3107
15 323 5092
58 78 7977
321 486 6379
251 125 176
101 424 1750
86 27 5372
251 210 2942
143 331 2330
20 473 8778
54 272 2339
202 143 6966
50 474 7426
438 265 8996
181 60 3623
88 307 9098
409 136 3984
53 499 1220
220 119 8911
291 7 629
447 282 501
193 432 9022
243 328 7317
323 4 3197
346 351 4239
477 55 8075
54 68 2661
117 419 6364
351 487 3398
130 438 7411
89 42 9104
17 489 3106
398 97 8833
293 197 1406
101 245 5463
312 83 4393
26 311 6893
352 476 3125
53 35 4177
140 489 7736
358 45 9533
392 180 2446
148 271 8514
272 53 3666
198 464 6183
392 357 7346
107 57 9803
143 447 4979
228 159 3439
438 326 6945
372 392 7430
426 323 9776
87 156 2160
405 287 3535
63 266 9292
96 69 4879
367 51 5367
39 374 9183
114 489 3951
248 475 3661
460 60 2963
481 89 5743
344 106 8527
419 474 7555
259 432 2578
34 415 8396
437 115 3137
309 385 7276
69 242 3612
201 232 2762
104 452 8628
15 392 2348
63 37 509
96 212 4917
75 164 1387
93 222 6529
335 421 2737
377 49 7095
251 385 1966
98 78 7651
237 358 9317
275 460 5304
234 248 7572
399 109 8425
361 351 1108
116 386 762
91 121 5313
284 287 6458
227 251 1615
300 322 7167
386 117 6909
482 445 1014
146 223 1473
345 317 5749
246 224 2393
419 350 7471
278 445 5267
359 98 8795
147 483 8779
439 343 6353
493 456 730
313 3 732
394 256 8415
423 218 6259
68 360 3687
123 256 8402
466 3 3505
290 82 2367
107 391 5558
155 172 2499
156 191 5692
63 213 803
72 242 3807
402 434 756
490 215 6759
297 171 5267
345 1 3293
110 484 6573
343 418 5625
221 216 8870
73 288 4241
251 486 608
212 7 6565
258 485 5589
155 264 3520
24 193 3763
417 406 4320
284 286 7
198 335 4547
131 69 1463
361 346 5267
137 171 6746
431 52 1951
37 227 1743
337 344 2895
201 405 6901
164 276 2149
96 373 8238
131 179 4310
152 349 3341
472 17 8437
172 374 3241
85 93 8661
226 341 9676
25 488 3106
368 111 108
34 17 8553
342 251 7242
135 264 3812
56 197 1280
67 140 8668
134 1
424 363
222 161
63 349
291 351
297 111
371 202
37 416
270 222
403 428
265 272
311 45
69 367
123 274
394 7
289 238
275 187
358 194
6 402
468 75
