1000 2000
334 555 320
423 373 952
858 342 6270
577 990 8305
677 771 5424
123 988 1844
521 727 6685
328 958 1811
26 122 369
350 304 4619
248 633 5930
409 785 4299
259 463 6404
835 778 5706
415 573 3392
577 441 1558
232 315 9753
348 604 6032
479 629 9128
603 726 759
675 286 3443
818 40 1264
462 391 3063
136 119 7320
863 747 3068
490 682 6424
335 42 7882
729 505 3175
227 629 5147
14 739 9527
750 875 3387
511 101 609
354 386 3541
731 30 4307
507 200 3626
681 38 1617
931 616 3778
782 4 9088
563 506 6496
823 757 2045
180 37 6370
229 250 7823
51 495 6684
412 861 5509
58 754 7395
804 84 1639
140 883 2994
895 76 3665
505 117 4723
826 271 8557
488 567 1407
779 681 1385
639 350 9517
734 155 1468
756 926 5516
109 723 6826
422 529 8570
760 879 7161
85 531 2232
250 354 674
345 25 6089
399 614 12
585 269 5567
245 249 5713
154 649 6334
941 68 1011
822 427 6989
289 183 9273
192 718 8067
213 274 1799
189 67 8263
660 239 6780
987 948 4682
917 570 1332
804 321 9355
715 414 1669
45 584 2334
720 959 6103
291 824 4408
226 232 744
917 876 4734
466 296 9572
964 507 8055
750 994 2014
918 478 214
878 247 2716
152 549 1294
365 651 4160
580 738 4285
342 21 3026
717 494 1620
364 688 6416
1 279 4808
205 232 9997
805 400 8758
275 479 8149
823 813 800
835 636 1325
195 419 4823
600 639 4879
416 496 686
854 404 6916
138 114 5834
291 262 977
881 663 7674
775 653 1700
870 322 3523
463 85 5763
700 673 2686
560 193 5238
79 504 8726
224 341 4278
259 905 9037
319 356 459
205 391 9784
664 468 11
513 196 9607
364 343 7763
81 151 8925
361 767 3974
689 617 1660
629 458 5563
662 599 6031
456 793 9007
607 615 9761
771 351 6047
869 878 4652
609 587 4357
36 753 6453
228 871 213
680 136 5860
949 896 5116
256 925 4996
754 451 3021
588 875 828
648 933 6016
929 676 6937
467 850 2707
51 949 7387
715 732 4069
438 342 4954
5 509 9528
940 963 3683
965 409 6931
315 547 858
392 761 6286
973 397 1081
527 640 6235
129 198 2172
647 233 1523
547 740 9324
202 194 4600
74 434 79
673 768 5127
666 651 846
751 15 3690
824 770 9956
731 63 1785
781 252 2467
741 61 5982
41 880 9696
753 117 851
743 469 1794
897 848 7161
975 64 1793
922 365 4062
650 423 276
865 682 2423
696 298 5761
355 66 5905
792 416 9847
231 73 5311
362 39 575
412 8 9793
414 579 8328
408 900 7928
725 56 4993
653 446 2221
332 760 8919
920 458 7055
496 936 57
719 273 5320
297 387 8094
498 885 2213
626 630 3767
655 370 8242
82 575 6257
14 838 913
582 19 7001
554 486 8503
623 351 7285
90 769 9179
437 289 5548
72 516 4315
665 830 2699
182 674 737
896 749 4471
23 500 1864
385 991 5909
593 155 8469
425 996 433
341 505 1659
641 419 2948
714 233 7969
187 932 9214
496 347 5746
863 403 9938
435 14 3490
414 306 1708
271 502 7363
566 45 1630
223 221 2223
107 888 7717
210 403 4160
238 994 3866
769 480 1704
446 368 3510
965 978 5789
333 88 9552
238 310 1588
678 119 2796
825 49 4370
448 701 9711
834 960 4107
184 424 5705
909 762 7197
76 792 4126
759 656 2425
296 548 5975
512 795 2031
46 536 4921
874 880 9171
661 624 3639
124 936 473
346 306 4447
114 741 7428
976 82 9235
431 473 4053
866 646 3212
256 4 7378
716 515 160
510 815 9946
188 775 9036
487 88 1732
749 314 2558
293 850 2653
416 788 4101
277 250 893
869 275 4904
770 164 6050
765 345 46
550 644 6338
904 416 1136
21 830 8158
504 419 1689
349 938 1106
452 931 773
146 191 4285
302 732 669
254 171 950
741 809 6329
919 71 381
220 299 4890
555 814 9324
616 241 9684
61 665 8393
656 949 2634
522 104 6323
138 78 3965
243 914 9673
28 71 1594
834 229 5919
77 459 5305
690 591 9425
121 898 3207
674 614 4637
866 333 6278
215 987 5660
465 483 5178
650 982 3484
840 642 8692
644 169 242
406 484 8326
349 301 6553
766 263 9820
748 856 7156
436 700 5208
715 284 8152
328 192 4542
342 374 9541
820 580 4563
872 76 4468
917 222 9748
777 386 4339
295 833 8251
832 153 3367
984 29 2367
810 754 3824
160 479 4158
722 941 9040
560 250 1370
699 363 1109
156 481 5142
862 157 5928
220 859 6823
529 970 9780
361 272 5233
198 223 5654
167 458 1012
249 689 1892
450 917 8011
573 499 2302
97 987 7418
491 34 34
373 982 6572
252 709 5004
662 25 8384
975 453 711
722 202 8675
794 329 6130
620 601 4224
114 338 6514
221 898 9996
654 97 3628
940 375 122
120 947 3815
182 693 8396
588 89 3672
325 812 4683
995 865 6150
193 65 911
369 35 8581
809 757 4794
819 526 7299
696 110 5423
150 769 7443
956 938 8543
175 890 306
373 673 2826
693 455 2511
156 901 2278
242 258 8646
974 264 7027
678 392 8389
597 138 5532
986 976 8762
353 414 2868
448 914 9385
94 372 131
696 476 5564
680 506 4091
43 532 4304
889 530 3801
536 640 9386
135 508 6959
929 444 2449
780 201 7026
537 149 131
55 970 9477
314 318 7251
853 86 8193
552 173 9700
332 290 1388
326 620 1575
695 262 4350
571 381 938
401 838 1849
531 311 1396
318 780 2976
877 86 5920
115 185 7609
785 562 6096
173 745 6140
622 440 4413
308 652 235
618 523 3553
480 639 7121
210 616 494
943 403 1347
19 710 5429
613 445 6407
636 591 5946
928 321 9084
780 663 3785
801 712 9547
582 869 1914
150 555 2407
98 874 6508
134 360 7377
650 218 7068
518 140 541
141 978 1989
846 474 2567
26 330 3816
751 472 3002
244 324 7526
692 545 3301
725 657 287
220 411 7370
169 463 9515
107 572 2667
537 125 2998
379 233 385
804 589 3145
194 914 1785
281 526 2304
250 928 6423
588 304 2408
705 529 866
417 738 6203
945 499 1219
640 561 742
800 528 5747
203 15 1662
628 44 4252
989 690 6959
702 279 8946
962 274 4925
254 238 8628
879 590 8253
915 684 1167
727 359 6415
752 306 4089
878 447 8957
540 829 2034
807 393 5531
375 996 6322
852 879 4343
511 586 4223
715 389 5707
288 64 6899
905 668 4892
950 247 3562
267 223 5563
51 397 4608
966 408 553
905 720 2902
362 198 303
387 664 2385
452 719 4794
768 854 591
583 56 6649
311 916 7079
582 274 2022
435 583 1222
753 341 7610
879 112 2651
435 714 2676
626 211 8909
365 107 9694
894 953 2555
501 172 5671
464 940 5652
936 988 7089
443 982 6312
111 830 290
364 871 8202
201 947 8234
540 911 9946
652 301 4728
177 260 9680
844 162 5998
254 573 8363
708 253 1574
672 28 4902
693 374 3197
499 866 8646
948 88 9534
884 804 2760
713 681 4117
440 945 7710
264 293 5831
482 975 4077
113 604 5958
932 606 2453
449 115 2840
742 551 2236
889 502 4011
956 806 1826
508 190 3212
314 698 8620
518 406 2637
892 740 6206
653 903 7576
573 822 7845
629 140 8181
312 294 9858
96 9 6159
651 857 7865
595 540 111
648 481 4675
84 185 8101
776 736 4465
360 586 2918
469 228 9376
637 632 3425
969 464 6012
430 339 5260
857 835 5832
692 616 8010
810 18 221
397 445 8428
860 408 1107
268 452 4015
359 555 9765
157 631 4235
41 116 9731
544 723 5242
150 772 6404
804 236 3183
715 929 7189
523 239 2154
70 357 1518
197 854 1850
343 105 6499
440 504 930
891 26 6520
914 481 2870
703 969 8794
828 395 8332
457 861 9289
219 859 4282
448 736 158
870 265 7472
12 135 1114
235 926 3632
735 441 116
161 817 4377
776 64 2306
707 752 631
686 174 7285
552 842 7823
507 843 2047
740 95 2872
59 123 8072
336 69 9736
359 362 4624
250 56 1965
598 670 848
647 302 871
361 434 8774
751 468 1824
335 174 3343
576 892 1495
202 956 5430
926 403 250
40 24 7002
396 826 2457
864 550 1983
927 134 7739
865 366 6187
437 684 6719
932 259 6403
436 893 4415
997 692 3632
251 818 1865
725 85 2114
176 732 4397
177 403 5252
690 319 6639
7 22 6648
923 898 7744
335 382 5727
486 261 376
830 394 1808
522 275 6858
808 51 8937
547 364 6365
364 57 5400
766 209 7441
181 776 216
495 674 6710
244 754 8525
102 18 5030
978 413 4298
992 305 3581
636 360 8264
589 429 3255
199 109 2523
777 181 9258
136 7 8326
463 111 5248
998 559 3290
485 539 7420
524 267 2887
453 613 7255
940 841 3378
343 741 130
480 386 4392
70 689 4713
254 305 9618
899 255 2398
740 683 2953
679 50 2368
634 255 5417
966 616 6363
593 525 267
218 263 5299
528 742 2654
936 267 9614
689 189 615
870 152 5549
949 342 6320
530 396 4907
94 197 6234
883 730 3330
413 408 9415
186 536 9515
909 883 9831
677 580 2070
68 86 548
245 55 1761
918 435 8246
72 13 9105
756 316 7193
268 656 4504
248 760 6648
584 830 8995
426 494 9519
254 580 3832
505 56 4126
492 393 9227
878 349 5328
605 629 2752
189 39 460
160 763 574
464 999 3871
452 311 9361
387 461 2760
974 648 5546
242 426 4536
476 31 3535
914 298 8853
756 59 659
940 29 9553
151 401 1665
161 333 3183
492 572 7908
687 375 6662
324 596 416
791 780 5385
985 963 1865
506 177 8499
571 507 9957
241 117 9862
391 285 4029
49 281 978
673 90 2467
212 501 213
677 567 9467
183 223 6657
527 263 1262
389 843 8634
885 709 5544
226 538 3174
54 67 6066
539 875 9716
652 870 9820
53 720 342
641 973 3783
588 179 6547
590 414 6799
585 942 7228
370 782 825
487 482 4497
343 937 5649
550 188 8397
315 465 7087
78 213 2388
986 214 3295
132 852 3544
773 80 4237
185 345 677
573 576 6887
287 154 4884
360 156 2356
892 316 4166
997 273 8613
758 889 5431
63 496 3223
894 812 7104
259 998 8962
38 101 1354
430 231 4854
106 723 4898
340 688 1241
643 404 1297
888 703 5941
243 36 1910
431 285 9232
659 190 9113
0 488 2217
363 807 4267
556 861 9681
220 737 1799
880 910 6033
161 987 7045
529 168 142
205 720 4647
79 170 1773
799 553 5036
646 947 9384
306 410 6067
495 412 4483
42 535 2087
924 583 3202
81 387 3508
94 950 6725
760 950 3086
948 405 9300
446 868 4966
140 654 901
443 518 4028
677 250 4200
957 738 5858
587 915 7800
497 670 3499
397 459 2626
952 969 393
676 315 3832
158 201 7841
383 529 4519
660 464 7637
162 257 6618
451 772 7448
816 115 7313
858 525 2621
719 599 4791
488 716 2527
612 899 8081
649 822 5758
259 695 1869
329 116 4251
393 642 9228
603 20 470
948 887 4779
273 705 7719
658 64 309
591 757 3895
507 804 1643
882 981 9257
637 350 9672
264 97 8479
706 421 1525
406 949 9533
999 308 5707
638 28 3738
59 813 7901
162 15 9942
541 722 8222
159 792 1324
904 703 7904
416 866 5257
525 720 2692
686 516 5398
634 391 630
376 45 8559
839 768 4468
386 58 7103
39 952 8325
372 378 4821
696 237 863
989 924 3890
985 131 5008
539 894 3917
61 287 7511
112 659 9703
751 393 3130
202 948 798
967 958 5552
640 633 9705
616 678 7577
165 937 9779
305 544 4190
334 690 3444
270 219 3461
177 125 2327
421 920 6295
389 469 6169
895 795 6605
304 255 6242
128 159 4739
179 360 2423
985 845 434
822 310 6260
362 216 2382
68 739 5698
672 44 147
641 666 7836
944 497 3735
248 627 6578
416 700 8440
700 912 1595
557 44 79
635 426 3481
413 119 455
941 154 5894
913 727 7300
151 821 7095
312 716 8220
726 513 1887
792 570 4640
391 754 6099
996 261 264
931 741 3741
632 207 8601
583 689 8478
412 308 7273
14 785 9685
73 972 2250
516 620 4042
440 684 9327
522 273 212
657 448 4129
507 78 5946
655 562 9650
951 829 6429
196 371 4283
465 837 2504
171 218 5357
712 75 3904
101 87 7164
81 75 8837
439 853 4435
267 189 5859
389 308 4416
724 752 5715
978 827 1826
838 95 7668
737 341 4684
414 909 7927
861 607 7597
778 573 974
234 411 8234
224 593 4929
712 274 2240
621 226 878
830 502 396
490 463 108
756 666 52
868 620 3016
432 841 5356
697 510 9279
522 333 6630
829 599 6391
251 879 3240
416 425 72
561 245 4784
66 131 9767
363 986 7674
419 557 8925
880 308 7289
398 931 5899
984 235 7916
318 400 3808
165 797 1571
622 153 9850
541 188 8777
426 117 7517
26 712 2779
317 427 241
621 93 2817
121 687 2867
634 117 4225
360 568 4563
612 144 757
215 717 7617
657 790 5427
803 56 8962
438 961 9806
83 954 3051
824 310 1666
113 161 9598
724 643 4550
433 731 17
364 26 8336
688 232 7508
488 803 6791
607 967 2190
870 940 4666
583 731 3740
961 166 2770
276 159 890
818 669 1176
187 148 8789
684 751 5662
394 887 268
485 542 1623
741 90 387
488 474 3860
798 948 4238
499 484 4384
158 999 7321
945 19 6398
550 785 4947
155 725 9620
75 696 280
437 712 9382
895 875 3315
799 427 6247
778 523 3908
200 987 7199
501 263 8014
43 986 3685
248 150 102
383 978 6094
745 699 9068
162 751 2905
423 218 6619
949 478 7979
454 357 4440
1 87 327
10 614 2158
184 28 3697
862 508 2006
229 31 7024
508 411 913
815 968 4978
358 471 9816
522 959 1360
315 596 6756
345 342 7734
586 969 2851
792 575 3020
974 472 1920
888 262 4367
336 187 6754
149 739 5892
955 326 607
313 677 2847
123 391 9395
378 203 3977
847 254 9574
859 995 2309
293 462 7056
963 469 9444
950 599 6728
360 212 8715
582 863 4647
420 929 2884
894 152 9570
318 409 6560
450 270 1038
38 333 1312
108 798 5490
515 393 9141
273 29 9515
653 357 40
688 959 1059
290 130 3809
726 298 2230
298 212 648
129 871 3839
141 936 7192
578 431 3503
238 15 5079
858 144 8704
706 128 8134
415 480 5692
916 975 6463
419 955 8749
616 572 8724
440 505 6510
883 827 6093
61 393 9177
146 35 6135
878 993 9042
369 251 9273
936 5 7638
696 83 3743
348 694 6656
900 448 3564
212 966 6690
621 415 6675
194 831 367
590 481 6865
493 713 9590
149 28 955
316 754 6268
418 318 7008
619 351 1336
234 682 205
28 571 2736
977 414 5323
161 808 5110
942 318 1133
66 344 995
535 178 2211
614 231 7002
468 229 243
17 776 8304
32 257 8273
21 951 6265
889 348 3037
342 771 9561
534 282 9302
811 996 5006
452 773 3153
889 637 6952
608 440 8397
127 672 5205
317 754 5040
283 746 4665
409 449 8564
787 364 2506
443 538 9423
202 289 384
447 179 7369
916 260 8464
150 564 4483
973 642 5466
668 954 2144
333 208 2688
908 559 5
241 374 7396
569 696 3861
779 121 2161
56 941 9365
399 620 9308
912 425 7784
966 990 5693
476 444 308
580 636 7530
499 985 953
915 52 2617
299 19 9314
539 665 6461
551 960 3371
522 759 8625
881 202 5586
789 250 5562
90 891 1074
405 239 4587
327 237 8577
346 178 1453
663 815 6524
731 243 9691
422 563 540
703 405 9524
27 933 6616
806 221 1565
859 286 5957
86 339 2252
22 26 2371
34 380 3652
395 34 3467
268 927 335
969 304 6131
915 178 371
25 699 1484
274 714 3490
338 406 2755
371 380 4767
153 510 576
520 70 7914
398 265 6222
639 902 3732
904 920 2152
190 860 1482
558 817 2012
297 810 4197
36 628 6136
252 711 1736
932 933 2758
52 864 8590
982 983 3256
500 765 6054
320 277 3732
808 947 5171
807 199 3704
695 729 6632
285 541 8464
896 274 5891
691 249 4194
557 988 9795
149 250 7841
910 813 5146
524 968 4211
16 113 5771
600 729 7386
594 464 9408
8 836 1827
109 152 5985
2 386 3911
156 288 597
342 438 7062
551 358 9920
338 567 4329
217 287 4486
247 291 97
954 623 1806
915 982 3866
490 451 1112
729 670 3633
480 603 9078
596 83 6748
254 934 2941
642 176 9102
12 7 2607
597 807 2391
25 618 8157
716 660 8828
301 179 8264
495 376 3601
749 291 1915
927 676 9443
509 669 4340
32 546 7121
869 157 9626
87 504 8779
188 56 3103
562 119 2182
621 487 161
567 53 32
364 645 638
400 271 2692
191 789 5179
267 394 2172
95 349 8431
341 758 7158
97 519 7034
45 884 8521
146 457 9800
644 194 2911
935 527 8575
393 51 5385
346 924 7834
475 131 6452
697 948 1988
395 865 4045
963 881 1396
959 262 8422
662 961 4456
757 12 2606
415 786 3909
821 9 9510
977 834 7173
621 386 6558
221 427 7557
248 188 7278
361 395 8395
188 668 3263
596 906 4170
214 740 9603
286 582 620
276 883 5217
360 265 8376
212 128 5353
517 523 9465
680 429 4110
866 751 7952
31 957 3866
730 137 1865
919 15 4652
730 940 2486
619 393 1559
542 656 3934
102 831 6107
856 551 2045
810 999 1844
619 800 521
264 991 5345
12 585 6204
717 461 1767
577 634 8363
93 215 2268
854 620 3994
359 612 9590
449 884 1509
16 846 2032
382 814 8346
68 168 9714
811 84 4056
429 807 5615
240 837 9523
598 148 3409
982 815 1520
78 641 6912
586 853 1438
682 754 7370
919 171 6889
865 517 5968
578 174 358
534 799 9766
267 428 6396
219 594 3344
578 534 293
803 419 3126
201 26 306
74 424 349
472 298 4679
839 330 6782
865 62 8579
255 901 1735
416 78 1844
232 127 2487
9 208 3108
397 957 7945
324 872 269
7 414 2754
918 449 8104
473 396 7610
246 383 6173
608 350 4381
372 849 1966
781 958 5751
898 874 5915
766 515 9412
50 436 7209
67 160 8738
826 147 3382
353 350 4476
485 945 2546
888 624 7530
187 999 4340
883 514 249
97 301 3383
536 635 1685
403 959 7452
788 707 6075
667 426 8639
411 363 4168
319 308 2138
547 612 7420
969 699 182
87 252 3414
86 639 6258
27 649 1247
576 864 734
754 181 4087
361 349 9109
806 173 3223
345 521 1599
582 968 7209
524 898 4089
694 397 1313
830 937 3306
467 939 3
517 515 3514
391 210 6837
401 820 3596
632 260 1337
578 555 4242
943 230 5366
399 184 9480
616 944 8291
578 994 3294
898 769 9309
190 399 4291
43 778 6880
535 443 9437
477 594 6269
485 313 1025
85 339 6271
158 580 9443
697 977 5614
186 265 7680
949 362 5321
725 782 8725
466 909 785
170 426 4869
381 205 9506
569 508 4259
821 815 7677
936 817 3670
345 660 7341
54 651 6692
471 269 5930
132 28 5090
374 308 2240
384 147 1038
581 432 5327
585 949 7173
21 572 4584
762 547 7357
250 789 3556
457 734 1302
871 750 8069
811 537 7683
808 178 5489
47 362 4273
127 217 2683
207 170 9910
698 953 9898
518 110 4614
328 575 6043
942 619 2328
203 885 3953
402 717 75
236 153 131
833 996 4145
341 27 7946
546 568 4656
579 707 3354
164 447 9422
174 323 5518
122 81 1771
406 265 1970
887 51 2317
734 950 8871
992 592 4511
696 878 8865
282 546 4204
262 828 3712
982 105 8973
411 605 5450
721 241 6905
215 78 703
455 532 8358
470 952 1620
713 230 4221
488 233 9309
809 574 8953
148 153 4479
356 607 7420
624 902 6973
298 133 7654
796 777 3229
657 519 2402
853 990 6924
516 948 6601
219 214 4104
691 64 2954
506 392 8833
841 448 5932
42 459 3584
247 770 2472
845 352 5933
349 601 6039
423 971 1522
514 174 815
178 110 4383
578 889 6145
0 885 8943
566 443 2844
334 935 2045
771 548 1368
68 458 4584
237 947 1857
516 66 6060
639 515 1613
924 302 4057
466 672 1594
765 793 1288
349 837 416
413 987 5728
440 435 3390
424 719 3529
434 484 575
690 285 7753
978 216 1938
26 742 4990
611 994 3041
311 699 2769
754 784 9804
392 319 7694
951 383 9136
327 358 5068
510 718 8008
713 276 6880
397 658 1439
331 905 7215
112 14 973
11 1 5120
486 822 1728
680 317 8544
198 575 6904
926 744 5042
818 148 7767
693 999 8576
260 776 6212
694 449 4177
330 452 2152
241 777 4496
943 613 2923
985 465 6677
208 328 9523
937 485 3342
610 530 4736
757 921 4597
436 223 7629
569 486 1998
820 209 5666
952 476 8143
906 216 6304
76 359 1549
16 753 877
89 542 6500
470 107 9786
301 690 9783
369 717 4158
188 242 4031
475 130 6431
927 338 2803
182 851 1883
406 276 2342
881 582 135
747 54 5676
852 601 1848
229 663 2408
733 576 9085
263 566 5573
139 359 301
59 767 4040
261 323 254
228 33 815
220 944 8075
602 794 6912
138 625 3715
64 163 3540
374 736 9256
291 980 3970
87 797 6332
397 577 1248
885 146 85
871 867 7350
230 666 7831
117 591 4833
728 171 7220
355 748 2945
481 829 8303
490 223 446
367 125 7901
242 949 355
886 577 4568
512 55 2383
620 813 1399
553 820 3099
276 960 3977
578 458 6249
806 575 7154
511 167 7495
693 167 375
529 986 7920
325 2 6984
282 62 1461
448 793 6582
5 158 8931
753 54 2761
178 973 3191
693 73 8068
185 344 6881
566 439 102
675 173 4720
692 882 970
967 859 9393
317 178 9835
72 334 4714
759 834 3527
423 669 6305
478 761 1430
413 52 7605
19 996 4854
669 574 3535
176 998 1986
584 257 3792
327 837 1842
63 222 8953
303 322 2833
105 477 4705
421 828 9926
176 538 7292
611 93 5235
385 514 6595
171 946 6534
586 816 9380
481 381 8245
506 541 7840
294 114 1792
96 805 9649
800 824 9382
125 886 3939
45 776 6223
354 794 3119
747 730 829
250 714 5534
755 46 847
344 692 3285
642 343 2086
874 178 2350
728 419 7513
958 287 9818
666 128 1829
177 53 2823
20 349 6906
608 960 4486
317 58 7375
379 329 2521
209 762 4631
741 490 4056
811 40 2510
605 238 9509
260 614 4738
923 1 1443
13 260 4376
622 979 3625
144 547 8019
548 899 2343
432 708 8239
140 750 1024
130 603 2877
709 533 5624
510 231 3945
13 848 859
506 507 9087
808 924 2392
808 736 4654
461 338 6834
234 930 7989
85 637 4932
293 956 7634
488 907 6034
895 642 4888
420 14 1290
482 874 38
393 257 8596
405 17 2696
488 601 7231
787 467 5496
644 521 3054
169 467 3322
421 315 3129
555 551 7959
922 423 3275
68 143 2934
718 865 2587
413 115 283
506 602 8392
965 45 1495
840 432 9786
267 604 4006
793 509 2650
246 394 2784
820 664 7171
577 828 3147
637 905 7210
554 510 1774
331 20 2082
563 342 5801
836 207 7719
650 419 3152
340 861 4774
528 556 1835
489 40 3315
136 601 9224
276 874 3482
303 487 2055
557 650 5645
526 655 2306
368 966 5014
882 371 6750
262 123 1668
938 156 4257
759 414 5618
167 708 9735
809 357 6746
909 849 2686
748 294 45
713 465 2547
55 999 8572
951 683 6421
383 997 1610
941 573 277
459 192 3774
905 100 6553
521 400 4650
766 224 4582
347 508 822
339 79 2933
651 426 9150
498 267 9740
284 348 8630
118 251 2079
403 448 119
517 11 4278
304 497 8176
792 807 1948
657 979 7496
367 197 1896
529 94 2345
251 700 3120
136 413 5022
922 285 6283
972 38 2249
136 888 4063
55 940 8887
960 538 9348
512 197 4578
729 495 6714
117 488 8135
429 610 3772
873 20 1926
135 111 9459
295 221 4005
605 463 7430
625 239 9169
124 956 5031
204 287 3420
342 781 4771
728 693 3123
68 117 331
500 133 4767
161 854 4261
144 375 7454
261 926 3607
352 284 482
657 411 7764
681 615 4505
231 612 3099
707 845 9661
393 968 2443
578 377 4177
353 43 8208
154 479 1067
190 530 5439
464 872 8933
499 667 6129
486 435 697
833 576 3278
444 399 5765
929 308 4569
887 3 9801
664 656 4809
328 652 5641
15 60 3879
694 353 3158
936 58 2329
576 813 7471
330 566 4908
486 556 5241
121 592 9641
20 320 1676
517 261 9011
707 938 6964
954 894 9345
243 622 7630
928 317 5390
916 802 7777
262 349 2804
169 484 6614
217 659 3324
558 766 1828
158 871 2134
505 128 2095
427 965 1320
108 592 8627
2 594 7328
549 394 9365
791 373 1507
972 463 8027
807 672 4280
744 547 6437
635 287 3255
274 77 2391
12 253 5881
792 679 2800
324 487 9861
466 240 3562
970 582 7666
192 258 6455
23 84 7441
344 547 4225
423 109 8997
602 193 8126
426 314 6126
388 888 4112
487 263 4782
950 280 9018
443 784 5773
256 341 3455
427 523 3902
10 234 1621
322 621 6787
667 749 7550
336 97 4322
189 5 7188
68 16 3574
740 276 6881
387 221 7470
232 258 1267
429 348 2681
128 2 7006
869 683 995
937 329 581
169 940 426
685 443 8231
666 604 5321
308 885 4196
922 622 8861
753 143 539
920 522 1283
841 437 1999
805 496 7114
460 239 5704
424 326 4380
312 648 9522
606 93 9805
539 919 7839
927 85 7473
359 134 9443
268 670 6597
120 366 7914
420 457 2348
896 698 4513
343 657 7713
902 727 8881
452 46 856
379 458 4881
944 968 9593
12 884 8173
518 86 8252
655 128 806
129 394 3108
90 448 881
391 587 6861
39 116 6243
498 289 8632
959 416 6998
937 522 8942
865 972 8077
171 222 7180
486 803 1105
828 184 152
66 748 4044
392 426 8115
784 598 330
131 669 9828
878 256 2326
665 106 2371
387 655 1863
703 845 1596
58 828 3387
868 186 1982
416 277 6294
387 996 6601
53 659 6750
810 797 856
608 806 2026
362 108 9868
792 944 9384
837 897 9185
528 394 8482
440 466 7438
271 756 4556
386 490 6443
991 34 2970
791 402 2521
328 719 7857
911 635 5195
58 665 290
791 361 6768
396 679 3233
845 572 6474
265 876 7427
599 858 2012
979 592 8201
924 23 9724
972 881 1660
280 348 9945
902 468 5872
719 597 4505
657 783 9791
432 233 9460
783 563 2460
37 936 3757
57 585 1682
561 823 1778
163 602 5740
292 99 301
427 733 892
594 44 2666
4 649 1288
460 224 4362
273 23 3266
507 240 3488
341 286 5811
984 992 7370
261 87 6529
279 16 7058
570 285 4358
218 515 3341
608 698 3717
62 448 3340
352 820 8306
158 936 4367
429 193 9417
459 845 1033
97 48 4680
490 369 9835
317 836 7262
613 47 6672
89 161 8010
162 133 6899
588 555 3954
989 837 822
762 463 7954
291 580 2014
440 695 9648
363 640 501
175 154 1902
534 318 9852
479 293 7588
829 253 1045
488 191 524
966 540 7906
915 788 4418
811 122 7088
720 647 4900
934 53 2437
613 239 5925
281 411 3892
869 136 5486
779 308 9705
184 579 7367
38 833 3037
729 981 1516
869 817 1673
188 317 7438
545 39 1952
86 626 3474
396 348 3855
926 450 9606
598 505 3887
27 63 1209
515 459 7467
163 916 5740
166 120 8830
715 321 3685
279 497 8976
705 180 7061
107 226 6696
287 550 5610
132 430 4958
552 990 5095
379 227 7794
422 975 3867
944 624 7278
680 663 7147
556 494 7886
653 443 1130
330 665 6291
524 839 1411
17 984 2999
468 515 1207
727 589 793
763 277 8335
509 968 9216
636 653 7744
762 993 982
760 707 5094
147 992 5477
57 874 2050
457 280 5708
44 530 4221
779 889 8151
977 900 8522
352 354 9232
887 873 8535
607 409 8685
816 303 6675
250 577 2911
140 549 9765
130 235 2346
304 672 8790
833 369 7368
920 467 9586
261 885 8403
779 437 7844
531 277 146
36 56 4316
763 924 5200
550 370 4719
728 417 7619
768 250 8387
736 410 6626
991 258 2198
574 697 8304
309 494 5730
922 224 7931
184 232 7735
800 941 7640
195 3 3089
49 633 2216
619 41 5261
496 809 8615
999 2 8078
783 996 5182
821 185 9046
935 447 5195
840 382 6233
402 558 3156
494 589 1923
455 534 819
260 443 5762
185 88 9065
760 616 8691
133 348 7108
539 984 3426
626 438 6694
369 83 9362
703 471 6547
387 409 4724
401 194 641
989 920 2523
792 838 9941
781 307 1837
325 193 8175
970 566 6790
528 963 3079
168 12 4556
659 421 7826
349 330 5368
219 394 6535
867 782 4143
415 371 4582
644 534 4825
340 116 4976
858 443 2419
301 262 5799
721 789 9431
690 906 6977
708 698 9938
439 60 8969
62 986 5273
587 80 5907
633 650 526
624 835 9576
588 880 9065
352 156 7296
708 306 3572
399 71 1389
933 133 6863
856 651 76
339 615 5132
927 989 688
540 225 9810
483 99 9720
865 319 7055
229 158 8176
913 212 8414
727 334 759
814 582 4614
365 981 2499
256 495 6726
580 134 7966
966 881 4567
739 42 6562
822 226 7121
371 285 1851
682 380 8988
803 606 1311
29 556 2612
26 52 123
340 232 8388
583 844 5013
351 818 1508
67 293 9627
807 607 554
548 565 5494
602 843 8943
157 52 5442
959 662 7554
908 801 5592
478 678 5288
864 797 6018
175 72 1504
620 309 9928
826 466 131
318 35 4735
348 704 7098
924 896 8202
827 316 8242
60 489 6132
670 40 7727
981 461 8317
622 228 953
543 742 2903
769 5 8167
768 935 8985
490 674 4286
332 144 1668
474 508 7596
417 803 1910
763 171 7659
727 81 9201
322 17 4486
135 225 8088
991 845 8623
612 406 5491
556 211 421
894 21 95
195 173 5715
618 580 7294
535 342 9273
540 837 6948
6 341 6858
754 834 4513
602 236 3547
754 332 5735
84 864 3935
162 657
925 164
612 493
380 86
762 605
252 557
136 654
982 15
19 34
409 681
168 880
242 706
866 839
490 165
483 957
570 338
738 617
807 785
435 545
369 375
