1000 2000
791 484 6437
227 706 3656
663 451 3784
741 845 7780
513 667 7628
289 259 3010
837 980 2256
506 314 2244
745 267 5743
38 522 5329
549 570 7340
714 630 5569
297 176 6656
715 63 865
425 976 2751
515 210 1900
25 802 6952
105 352 7000
533 229 5576
447 362 5596
213 945 7629
421 668 2400
433 381 1744
88 209 9948
566 400 8232
853 320 1599
279 948 9165
136 97 979
951 38 880
66 979 1595
76 88 5911
822 833 8844
276 958 8105
179 965 7539
8 970 3855
636 507 2436
768 177 3772
827 460 8820
530 608 5626
972 579 4807
912 285 3205
296 246 3586
589 929 6235
232 779 2676
241 874 9914
533 423 4406
239 632 6793
348 366 3421
906 420 8902
51 620 4564
242 618 4593
456 88 854
330 208 9395
136 518 6332
673 587 7061
822 580 768
53 798 3570
864 257 3722
735 740 1281
92 369 8228
570 975 4458
304 364 9377
758 564 6923
351 281 919
53 338 6021
210 254 2684
406 91 1559
741 595 7299
650 230 8130
973 203 6918
275 61 5962
55 614 8378
658 698 9448
867 438 9763
113 703 1335
926 273 2638
900 660 9094
948 199 4763
969 813 8849
318 574 4150
815 220 4086
680 810 7305
974 941 9840
325 581 268
858 469 2101
426 241 9123
343 106 5063
439 457 5333
722 844 3732
206 488 7557
71 152 8822
767 574 9701
860 158 3446
255 773 4388
674 816 4482
403 778 3327
218 76 9486
755 471 6854
53 562 5982
193 988 5396
178 285 572
330 45 5810
740 726 1953
211 213 4910
648 370 879
231 707 6613
194 927 937
749 956 5221
749 522 2947
104 267 9549
799 822 7938
122 123 8233
733 799 8746
35 108 8210
445 476 5782
136 24 473
960 928 1121
628 182 208
859 833 138
377 390 1106
755 866 175
193 770 9643
525 423 5622
202 676 308
865 913 8609
640 470 4257
489 954 7743
764 301 119
936 512 7418
830 483 6713
123 882 6542
586 191 2886
94 37 1140
441 27 7822
198 499 1232
14 290 8638
287 468 4349
402 690 1302
367 571 7003
874 558 9759
259 225 7062
336 173 675
814 679 452
750 890 992
533 549 910
752 399 3659
941 864 7870
51 530 5594
307 784 4829
247 933 3339
707 919 9550
345 706 5598
609 233 6612
309 123 7447
60 615 8546
209 771 3454
494 2 6303
235 858 8079
383 681 9034
9 631 2179
174 749 8363
819 904 111
738 35 6050
138 480 1211
766 312 2818
43 300 1068
38 459 9271
221 166 1711
341 400 6292
700 432 6631
709 662 1497
889 195 3110
701 127 6841
697 521 2169
913 524 4919
780 467 2497
54 441 875
153 469 9433
476 172 9478
256 693 8313
760 640 4724
473 900 967
667 876 4641
190 245 5643
833 40 425
455 992 5333
928 274 1167
155 871 8711
54 287 3019
656 887 2007
375 865 8093
161 156 5909
66 464 2270
600 878 2786
636 40 4005
102 423 5944
453 617 7475
988 69 8324
88 495 1650
836 49 1215
219 696 1263
749 383 9993
140 905 7266
985 494 6893
922 754 7389
733 577 603
422 708 2073
359 779 1063
470 78 3854
857 890 2990
31 496 6318
44 428 2703
670 468 5706
24 491 3468
31 235 2549
481 404 5886
220 307 7894
659 799 7841
196 76 5314
937 185 5109
911 763 1822
485 236 3244
52 401 2820
336 753 8505
965 158 3161
386 28 1769
684 60 1357
848 257 616
27 418 3748
460 558 40
266 467 4261
569 854 590
305 509 4934
69 358 5065
356 180 6082
19 260 2209
175 439 4513
293 934 6065
338 331 9315
624 980 4104
905 329 6247
957 229 442
612 840 6813
499 627 3139
48 376 146
797 244 9617
218 237 41
20 193 8058
494 349 9475
953 721 6055
625 562 5463
9 220 2209
932 763 7472
477 649 3477
454 856 1540
319 152 5849
360 223 9966
840 788 9524
901 873 5094
172 488 7737
106 77 9221
157 806 7955
307 702 930
754 555 5130
554 879 2628
724 896 1257
771 379 897
506 394 2245
165 96 1348
850 626 7913
977 387 8191
351 32 292
932 947 6929
539 883 9907
466 227 3920
613 104 4720
466 627 3120
608 932 1478
915 261 17
124 704 9646
39 507 1145
466 50 7271
179 377 3998
600 821 9530
921 287 4920
556 224 4921
372 413 5367
956 419 2858
77 140 4550
61 521 6306
504 267 1176
668 367 2480
506 303 7810
901 89 7874
544 547 9485
428 515 889
391 99 1148
865 222 7731
342 519 5089
239 273 567
19 553 4294
876 360 7015
42 802 3664
965 325 8948
601 497 8905
251 797 3880
629 710 4370
481 533 4930
475 841 1413
0 836 5511
127 767 2451
716 534 3066
695 548 745
443 818 5747
859 729 6601
113 528 1615
753 382 7028
971 123 1503
130 515 5716
527 492 4303
37 806 2003
539 225 4284
648 665 4411
379 782 9844
358 227 4639
970 749 6916
832 106 1680
514 343 9352
807 863 1132
495 121 3842
271 615 4654
221 81 5783
572 260 4144
209 307 4243
409 249 6483
908 46 4794
347 357 8363
81 966 1708
286 535 8422
894 677 1902
47 407 6197
923 837 7981
973 338 1813
579 507 6888
898 691 9152
489 143 3439
479 63 7936
610 999 491
823 71 9094
177 813 2102
546 185 2823
930 103 5609
808 272 8995
905 833 9240
380 100 3885
507 810 4213
4 224 5863
792 200 2058
128 667 1752
452 453 5944
242 654 2672
134 314 8563
271 465 4117
378 746 3145
329 286 684
603 419 4075
156 650 1365
110 740 2665
44 95 950
537 832 1153
941 665 380
873 87 9245
603 660 2062
494 886 7422
841 342 2516
208 615 8230
522 672 4316
699 106 6993
541 472 9505
484 316 9238
910 955 537
20 643 8660
187 210 8682
480 9 9503
863 391 3615
255 542 9087
329 163 364
132 253 3131
106 12 9522
778 236 3102
459 475 1432
626 233 8313
27 734 6264
802 337 9808
92 840 1893
502 977 8102
644 19 3866
946 339 2676
947 409 3748
136 486 6386
467 978 809
458 865 819
783 305 2760
439 829 8863
837 816 9828
355 491 8565
706 172 6750
679 589 2185
21 405 3126
779 56 305
869 5 666
771 992 8493
131 563 3903
239 333 3022
486 896 7346
389 936 7686
538 426 3245
56 536 8687
269 773 5807
26 291 8419
18 387 5531
919 654 8475
834 238 5124
348 546 1123
278 626 8441
786 986 1144
250 327 5761
215 72 3427
155 468 4286
417 261 6870
476 75 1049
179 731 4359
454 256 5343
771 375 4960
194 401 4402
312 350 5501
998 43 7053
496 391 5603
11 949 2526
437 363 6348
126 145 8642
724 945 3830
568 617 3129
564 690 6205
339 731 9169
856 872 443
731 592 6926
661 570 6021
950 198 2082
418 715 1231
865 367 2858
823 461 3548
15 970 6203
228 724 5520
456 147 9773
216 322 8566
983 434 5917
642 234 2748
418 874 6853
137 250 9601
697 611 5198
321 55 8347
576 547 6412
853 906 2447
497 178 8708
401 464 398
572 702 2971
608 387 7117
994 698 2894
819 183 4512
635 516 8300
454 960 8742
77 341 7577
623 481 5340
737 462 9716
900 168 50
233 85 2042
172 732 9891
259 77 8170
848 41 8315
659 536 5093
219 560 4967
837 82 9750
778 75 10
279 872 7747
273 923 6749
932 174 7334
416 404 279
100 267 2927
587 236 9264
351 938 1236
856 781 3367
87 163 1087
957 936 1823
935 33 6693
774 14 8659
70 549 1093
512 813 5715
430 942 630
96 397 862
758 413 6988
516 816 4435
309 961 4847
147 784 9124
746 316 7778
323 660 7715
415 812 2821
766 845 7184
849 462 283
931 161 1866
158 827 1377
373 105 9724
324 887 1227
270 90 1306
291 9 8657
687 69 9768
44 503 1188
888 459 3471
104 638 6816
736 435 9194
901 349 6947
544 805 6901
139 161 2220
298 996 6218
188 746 7626
916 375 7353
618 118 1673
933 910 4509
528 520 9090
242 746 6392
115 604 4425
571 814 4850
407 543 9877
240 608 6062
786 643 1342
821 351 3408
32 570 17
382 933 6028
777 962 5838
729 710 7411
698 830 7724
982 871 7043
470 480 1570
404 24 454
509 672 5359
656 28 8440
679 800 6809
272 255 2738
52 561 9242
689 836 7546
675 951 6510
190 604 7775
432 937 510
914 398 9713
388 284 7919
756 458 4788
76 740 7200
294 155 7179
635 206 6933
199 670 3707
962 375 424
465 569 7655
332 221 7441
448 537 2616
291 177 8259
224 247 2585
578 219 3154
888 223 9375
406 517 1821
739 661 6218
418 500 1576
11 327 7451
200 404 9415
275 567 1266
318 24 3082
221 526 7627
786 110 6340
519 152 9312
688 182 5678
307 126 8453
58 206 6884
815 801 1345
729 253 3884
250 634 1081
30 952 1229
242 985 5536
938 407 3736
483 492 5209
39 804 7156
805 144 9942
730 114 2964
230 341 1463
963 471 9807
147 824 5540
414 35 8320
779 473 9103
387 90 5034
570 130 7172
3 923 2360
558 99 4890
598 877 5216
297 604 2339
619 659 4255
267 733 8803
486 820 7060
487 429 5854
426 678 7978
21 97 4969
302 335 1075
421 574 9292
620 33 2699
81 769 5871
609 929 7905
838 489 1753
411 627 7648
388 295 676
18 257 1559
755 312 9616
523 916 1696
960 797 7956
481 979 4861
801 584 3974
340 629 6611
542 697 2087
17 627 4287
108 197 8013
633 419 9539
243 771 8698
974 402 89
265 152 6795
908 719 4927
786 658 711
976 89 8267
926 201 3371
738 660 9580
421 83 7473
386 893 6705
814 277 6165
700 69 6812
349 537 8794
269 780 9204
942 460 3301
568 612 5253
730 968 9110
148 967 4226
627 552 893
23 8 9550
536 285 8372
588 92 8267
256 961 9026
238 197 5399
198 92 3746
764 622 443
388 400 251
302 865 7692
677 105 8542
984 382 1052
631 794 5063
79 208 6593
195 849 6016
405 332 969
197 90 7008
241 426 5631
315 861 9820
164 882 5909
552 563 291
362 533 439
643 388 6090
650 70 4680
74 682 1821
321 934 525
471 99 6147
538 739 838
698 315 3602
239 787 4012
530 446 3050
313 929 7055
351 127 2557
239 561 3742
669 165 8894
892 432 7816
770 772 2674
926 540 2252
793 336 6608
996 715 2834
409 439 78
768 112 7803
918 936 7582
111 246 1501
339 760 9000
633 831 5713
761 53 162
665 624 6148
277 916 9443
399 920 1067
80 478 8090
664 427 1946
945 250 4538
620 547 3863
746 318 4038
164 200 8301
399 519 3830
912 573 9355
514 523 9023
480 416 4783
225 390 4648
945 159 4174
447 847 9145
870 971 2300
885 97 3120
933 548 8421
998 294 1534
519 512 2580
702 133 5988
521 570 922
710 370 8301
288 89 9417
183 806 9768
865 391 4868
533 365 9453
677 102 5167
271 923 9475
331 112 9416
21 449 3049
82 869 4045
828 491 667
705 481 984
892 295 1593
91 824 739
746 309 5776
229 257 3760
953 752 5788
227 857 1409
176 705 7164
12 885 4304
832 231 5292
675 663 9739
990 784 2540
894 626 9568
865 84 6874
624 606 356
678 788 3583
705 993 3377
285 281 8565
627 764 4080
903 404 3450
624 165 5486
179 988 4868
693 954 6774
889 460 2513
129 700 2943
736 728 1643
760 647 9863
115 12 211
626 379 5973
390 948 9588
459 444 2271
296 334 3852
134 980 1598
87 627 238
727 898 4056
283 175 712
905 21 7731
818 463 3708
459 967 2700
180 96 2814
819 459 6689
697 205 315
417 810 6076
847 727 5934
144 810 7219
997 494 5759
31 758 5921
999 718 5041
111 242 6355
571 924 4564
185 177 430
847 194 6634
826 655 8848
834 806 7366
630 250 8112
38 286 4007
721 720 4603
845 732 9979
469 959 5725
948 961 8544
303 471 2501
493 475 3506
887 799 6783
63 118 9589
171 439 1956
59 54 5269
880 451 7223
92 747 9635
822 927 905
519 351 1446
355 421 5678
855 309 4916
708 273 8167
628 393 2678
82 659 7078
679 299 8710
975 17 7015
242 577 9360
91 986 9830
470 24 3935
825 464 7353
137 714 6445
770 234 7278
946 618 2099
964 32 1391
849 57 4232
700 486 2212
626 257 6081
313 428 7290
547 85 3490
730 784 6956
739 51 9075
318 780 942
135 552 1487
534 142 4703
424 40 1127
946 967 7217
695 397 9430
979 415 8815
66 995 47
95 25 3851
453 307 641
470 445 7215
957 500 1811
910 621 9964
168 316 9116
201 265 2028
751 932 1077
926 671 2128
352 497 9944
529 318 6811
545 929 8000
917 868 6226
127 672 596
859 40 369
629 799 8804
837 123 6055
663 282 1882
34 624 5918
841 317 3701
752 579 8162
152 784 9963
984 161 6416
945 988 4768
657 72 4510
800 829 5878
565 72 9462
646 240 7086
364 896 7867
754 535 4872
23 704 7191
262 599 6996
867 781 201
62 735 9661
296 461 2051
383 229 6605
869 736 1926
622 600 5073
921 210 8594
564 264 7815
207 473 1869
199 555 664
641 989 4432
568 661 5854
195 65 7259
295 733 8954
151 537 8122
599 385 7741
239 888 7119
376 280 970
974 143 8539
271 527 1418
764 169 9494
184 657 8398
57 817 4106
756 733 8626
48 547 1614
94 498 2559
422 294 5187
9 533 1895
527 78 9557
920 984 9773
551 37 9677
943 772 8730
298 286 2079
163 214 71
278 691 8990
37 715 6097
562 869 874
180 822 4698
914 974 5276
678 158 814
262 613 1360
450 13 2224
453 197 8693
837 620 4774
378 545 7454
817 588 6826
207 697 6248
226 821 4461
963 505 1256
77 458 7900
310 190 242
427 241 5174
486 462 6602
242 10 570
989 815 7595
340 393 594
762 504 6539
129 812 1443
908 583 9045
242 89 7507
630 524 4783
428 781 1962
608 683 9655
624 130 2808
496 965 7710
539 873 7379
610 622 1013
520 870 3573
491 835 1260
698 28 6555
606 371 7633
570 684 7322
316 424 5583
832 405 3675
307 665 4828
563 384 4052
860 307 7097
780 40 3336
314 510 6981
346 774 5404
161 775 5915
918 324 5270
928 635 2934
701 371 9039
549 856 7943
731 262 7439
419 668 2022
320 161 5239
757 362 998
782 594 7303
48 100 8230
696 640 872
943 38 4038
542 389 9195
150 492 3236
997 377 4764
441 419 1196
449 6 1613
891 226 2847
203 371 4112
59 794 9531
658 486 7266
263 401 9254
108 34 9131
822 587 338
183 158 5567
873 6 2539
489 347 2723
935 958 9912
521 319 651
484 924 6508
117 532 1474
12 352 5879
666 678 7745
687 165 9047
485 399 2523
820 779 3788
311 541 3751
45 48 4758
342 930 9635
913 697 8856
439 32 4373
829 234 552
994 478 7743
854 978 2940
76 459 141
535 6 759
537 273 3592
709 682 4786
721 573 6362
219 446 4946
219 50 7081
898 764 5838
193 899 3685
980 939 9272
948 498 9400
307 922 9566
238 734 9270
458 756 3782
907 40 5433
507 975 2464
918 167 8112
435 439 6862
429 537 3008
612 172 9045
360 694 5841
505 367 9479
902 691 8358
279 114 9814
57 170 457
558 975 1766
920 574 8741
726 219 822
198 860 5479
809 6 5388
836 529 1832
878 335 1279
838 510 8203
949 83 6304
783 893 4879
659 646 2990
790 387 6993
76 775 9017
481 360 7308
495 135 8138
848 489 3906
862 806 7250
656 69 1845
811 172 8990
526 997 35
85 745 2222
831 2 9249
625 769 7724
159 684 4450
198 244 6072
472 972 3018
869 43 5872
266 206 6916
917 380 3423
654 237 5107
787 522 8970
788 770 8607
69 697 2186
483 993 2980
223 434 4289
541 917 7379
883 543 8512
441 387 3454
335 571 7759
75 259 8633
745 117 9744
999 865 2588
367 729 5694
131 396 5478
586 809 1494
880 733 6575
24 97 8673
168 978 8888
175 574 9882
799 201 6354
228 716 976
514 724 6269
483 768 110
854 791 2167
478 473 6488
573 571 9601
820 559 525
835 434 1307
96 140 844
966 339 383
29 92 8615
447 549 3175
12 796 9674
614 965 9816
157 287 6015
679 912 7947
215 521 8271
974 482 939
378 145 3402
23 764 8880
934 32 5312
765 728 6281
81 625 9483
357 49 5116
223 228 4886
345 411 7374
629 536 23
84 658 2455
416 96 3890
733 471 776
434 733 6465
317 589 4626
575 356 7827
496 621 5177
687 589 1145
375 789 738
315 654 7701
390 575 1532
932 151 7182
591 673 2356
629 765 2409
983 83 8028
489 336 5779
298 211 5886
116 671 7703
25 5 8782
251 662 4922
442 233 2413
280 159 3277
451 375 652
884 30 5442
102 769 8033
344 666 974
432 924 8498
60 819 771
29 40 9236
909 738 6242
296 882 2928
667 48 1023
556 671 9747
16 862 6612
713 198 6783
462 995 4566
88 979 2464
133 668 4858
824 843 3623
50 418 8201
328 788 7803
885 771 1473
24 818 3015
117 72 8651
995 808 8007
865 756 1502
832 600 3564
938 355 38
591 206 9658
536 808 1532
447 421 5522
489 264 6812
309 998 1872
970 56 740
925 361 1784
972 339 3368
153 927 3359
596 228 2869
872 580 6438
11 471 8381
255 573 8941
27 290 5691
696 212 4658
830 135 8337
932 783 4486
628 181 6254
96 50 4449
227 845 4810
75 189 7255
584 188 9575
427 951 4827
509 781 216
363 735 6753
973 994 2657
530 827 9982
238 576 601
882 740 7883
45 192 3083
851 509 8127
973 464 6373
598 180 3958
358 28 2339
18 60 1870
254 898 3467
850 370 4659
842 965 2277
715 729 7500
660 777 2920
149 392 7593
110 3 9432
962 150 6169
911 752 667
660 440 8906
365 499 21
272 133 926
262 618 4295
270 427 4482
152 89 3672
441 352 6348
432 16 1142
176 453 3741
861 92 909
316 804 8594
626 848 5043
232 181 8552
803 497 7341
491 184 4034
677 32 1704
608 367 8238
635 527 3576
788 749 9272
848 26 72
431 447 5315
805 103 4529
104 767 4761
773 711 1121
282 271 134
649 230 9141
668 591 8506
566 535 2214
709 974 2902
788 188 5484
55 118 1247
92 710 9907
423 827 5068
846 315 5868
338 857 1144
235 80 902
420 678 3294
335 98 6989
180 869 1484
959 909 6350
220 181 6573
574 99 3934
8 101 9229
744 153 9900
421 659 4821
392 346 3555
673 313 9146
217 581 4385
978 120 2601
389 24 9960
683 474 82
408 318 5031
24 528 1447
728 378 3610
940 768 5517
795 356 4926
107 113 4921
959 540 8622
184 329 3623
517 365 3569
369 521 7060
687 279 4538
491 612 2241
154 555 3403
709 291 8425
456 439 5084
905 764 7965
368 588 8747
161 748 8148
682 844 4689
43 314 5760
703 800 7202
662 87 5584
69 690 621
387 924 7236
534 441 4802
549 76 9622
761 107 7158
383 543 2631
198 66 6889
582 201 8080
777 409 1236
574 527 8475
963 752 844
722 674 4412
773 598 4614
151 948 45
298 926 9869
610 123 7224
766 607 2223
310 969 6599
259 955 6133
329 549 118
730 244 3321
620 839 7500
440 737 4797
183 944 1177
972 922 9980
279 965 7743
614 483 5271
140 63 460
990 19 8290
196 152 9155
839 953 9554
874 443 9156
969 795 6535
748 776 4999
596 407 8907
723 344 4567
105 284 4078
755 530 1184
84 118 9473
171 993 2172
450 632 452
150 37 5486
277 243 2974
785 813 1252
248 298 1685
183 643 7515
75 958 154
413 778 901
638 335 7536
608 840 2634
263 844 4923
320 660 3735
920 216 8220
435 57 9123
697 264 6711
581 22 7371
173 600 6360
148 883 6075
472 701 6833
347 45 3629
246 791 6175
699 62 4532
118 124 6272
215 414 2978
72 892 3170
394 618 562
179 733 2714
480 576 7392
344 767 1328
62 19 8430
626 563 1181
549 431 3561
725 382 8944
372 225 8123
478 547 7768
872 785 532
374 831 1356
958 923 4012
758 458 6677
166 21 7703
540 590 2000
753 870 3166
710 661 8639
967 451 8589
309 45 7711
878 4 1526
783 9 134
154 983 9883
667 160 2166
670 905 930
819 434 2060
2 457 3506
323 874 5901
930 993 3950
539 281 9388
980 741 2543
10 825 2278
195 364 4333
595 212 7576
868 533 2988
0 82 9513
965 922 2312
913 305 9773
784 527 3245
415 179 7825
359 299 8714
817 682 5934
748 84 2698
348 523 1742
343 225 1003
848 990 6567
298 841 8007
993 232 6817
820 828 2097
708 455 9221
299 710 9165
106 525 7527
173 724 554
758 527 7895
474 715 700
700 29 4114
563 501 9419
874 191 4229
142 979 4729
49 945 6176
156 236 8593
609 961 7501
181 578 9173
557 28 2646
776 899 5300
761 283 556
329 42 6845
834 921 8499
966 781 3060
20 901 3989
284 269 5987
269 579 8018
785 646 3424
886 902 9257
275 283 1476
961 15 1183
463 348 6007
871 903 2275
568 317 8444
809 802 9308
525 611 8319
870 145 8420
229 857 9810
504 38 6980
710 437 5285
206 298 3408
178 841 8475
560 548 4181
184 932 1150
772 973 1601
227 850 7892
478 62 9057
484 451 3696
773 424 8454
829 976 7243
351 474 8032
37 90 7840
881 331 8348
288 430 5225
607 118 8979
930 911 9945
300 6 1257
247 82 955
447 316 5719
838 870 4574
475 610 6687
16 497 8840
71 547 3082
275 186 3901
884 693 7224
909 567 3121
255 962 3701
184 163 98
211 215 6882
280 221 8219
949 419 288
767 512 8656
698 370 7703
88 335 9544
747 799 8658
274 394 9007
545 555 3993
2 806 2645
626 639 6541
415 359 9217
598 419 206
84 205 4511
434 460 6805
279 215 3805
463 227 813
223 495 8854
300 940 8961
235 46 8623
842 629 3534
459 716 6974
992 380 4559
119 862 1578
519 688 2517
707 282 598
983 878 3711
568 879 1048
188 681 6494
742 859 1901
714 734 1320
788 914 6734
265 238 24
690 92 2413
972 573 7684
976 521 3555
23 641 268
261 730 2243
663 655 3658
930 686 5998
970 93 2729
871 921 7768
663 934 8345
139 296 5048
712 468 7059
831 233 5607
916 266 3395
127 168 6198
96 91 3479
373 104 6082
385 542 5492
587 190 8450
40 352 9037
396 610 8837
576 0 1667
13 927 2564
570 919 8988
361 172 128
889 8 9451
485 252 3323
237 909 9500
738 434 8172
188 349 7009
516 156 3246
49 597 4775
129 577 102
759 168 2709
704 110 8647
645 708 9223
393 935 5343
704 992 1111
444 213 9898
804 780 5445
981 528 8155
257 554 6612
18 198 9198
458 741 8090
312 230 4861
984 212 4004
447 941 4787
571 812 298
34 339 6462
313 893 9599
301 447 886
460 726 7187
892 840 6841
551 64 8904
387 661 390
723 798 9537
262 360 4808
950 692 8990
915 187 1980
18 837 9809
420 843 9085
347 187 5721
353 69 8834
719 770 4035
563 161 5731
573 40 2010
494 190 6097
459 160 4847
48 672 4093
266 541 2005
220 906 8091
945 789 8734
180 571 775
186 883 5926
971 396 4933
499 273 4588
930 521 9498
244 24 731
441 678 2357
15 210 2216
887 965 7025
388 794 2315
882 437 7454
352 597 5783
331 472 1468
518 372 717
173 323 3068
919 227 8510
73 119 4222
276 81 7017
816 946 4521
508 282 1909
27 622 3525
378 49 9409
165 342 8415
491 65 9620
227 769 5892
456 711 2732
744 556 4692
117 715 1435
255 582 862
816 863 9672
496 127 5579
333 543 2409
186 737 6852
845 844 3036
263 82 8740
150 224 6614
243 23 7288
232 528 7088
287 648 9127
16 239 119
944 919 1957
776 466 44
18 164 6257
251 267 8661
584 311 7208
843 227 9330
19 927 1809
424 389 609
374 594 2779
492 828 6641
520 840 8165
301 547 3434
693 144 4963
735 611 1722
37 532 6703
755 518 6230
971 202 711
214 545 7042
616 470 5622
609 128 8696
432 340 9502
541 394 5919
227 677 9022
64 563 4249
496 606 3164
760 554 2346
593 282 9364
883 669 2439
583 301 1514
363 29 1173
178 710 3888
909 485 1368
706 909 3842
365 314 5002
948 977 7192
528 189 5492
119 156 3258
688 350 6815
237 449 1113
585 813 2462
493 200 9030
701 97 3017
102 641 6597
126 409 5105
233 483 5795
22 453 5873
968 607 9613
352 259 2273
258 811 5848
688 384 9569
621 161 783
937 766 8271
779 976 6418
948 414 2498
560 293 2199
519 144 3718
328 478 6471
93 162 2018
517 509 7769
792 136 7426
929 642 7581
916 98 3771
426 180 1340
25 275 4171
486 588 5725
678 687 8607
185 2 4690
455 900 4980
367 17 1165
279 862 3897
397 355 3809
515 778 817
793 145 3741
522 95 8947
122 361 7939
493 288 9143
24 141 3833
612 916 9484
990 571 7759
326 164 5602
941 316 1336
600 999 5019
545 369 1184
164 163 6778
57 814 1162
620 797 1034
840 698 7329
771 15 8176
548 541 6453
298 832 5549
64 829 7769
593 322 9923
55 218 5637
499 705 6094
998 234 1525
479 169 1712
761 652 2982
154 647 2751
689 316 6951
404 506 6922
235 25 2055
544 141 8875
923 26 1330
874 984 4345
763 213 7477
920 924 5408
406 768 4854
246 596 1798
313 975 5252
37 321 8400
587 659 1058
228 120 3722
501 506 1223
110 535 5018
480 997 8525
437 509 8537
610 801 5665
644 570 7213
218 269 9369
553 588 8091
277 972 855
838 909 4593
238 276 2733
99 730 1890
364 12 1364
499 159 387
418 898 4905
279 912 1335
756 757 4726
176 345 1209
178 653 9316
892 710 5510
631 544 8699
31 752 478
203 952 2146
28 413 8236
378 415 7032
942 733 7134
113 682 498
489 875 4468
933 161 9113
809 840 607
385 183 5663
378 424 9684
862 782 10
58 182 6588
116 12 1764
166 571 3650
393 691 4562
50 758 8781
648 848 7325
344 613 7589
293 757 3260
360 193 3665
129 669 5727
179 918 567
459 911 2406
726 636 1265
113 956 7517
861 920 6717
24 191 5753
414 713 8612
825 662 1504
181 917 2992
668 269 3648
39 86 8218
115 102 2150
389 87 5775
358 33 7054
143 839 4633
532 283 7393
968 98 8023
997 318 4973
294 711 5952
903 427 7532
540 408 3165
307 830 7033
656 391 3907
923 220 6515
434 18 2860
34 317 2813
975 698 6265
844 373 3251
640 673 7529
393 970 5166
763 211 9699
298 193 5865
279 175 1561
256 175 1581
20 560 9707
243 245 9744
102 90 1258
206 715 7365
65 849 3932
850 257 2271
410 50 6722
534 350 6913
26 784 7699
153 678 2873
19 217 9393
560 114 9789
833 854 741
687 392 6146
540 579 2188
138 455 980
191 184 6204
367 298 46
801 609 2282
837 910 2967
442 44 1596
0 197 8459
626 678 7067
518 556 9487
774 53 6254
955 350 1824
434 509 4043
546 503 3933
780 315 1292
10 27 5055
759 925 2660
632 41 5456
129 275 2459
842 345 6447
17 566 7839
528 399 1652
8 209 1360
244 450 8796
933 866 6849
17 722 2843
966 515 6228
324 985 5510
397 639 9742
840 162 1572
801 901 3563
852 375 2932
385 87 8211
227 157 287
669 820 2922
181 661 9925
647 745 3389
610 784 5061
71 60 6878
5 291 4971
586 981 3084
130 340 187
566 458 1809
243 683 9239
859 754 773
610 779 68
260 400 2632
282 456 9377
152 604 7768
125 829 9405
229 116 5369
939 310 5567
896 53 3389
424 858 4705
424 763 921
473 611 3436
839 616 41
135 139 1775
563 451 5536
826 455 1220
497 126 1572
863 933 7172
9 672 1196
459 245 1895
560 135 2799
440 977 8766
0 37 6281
595 50 9659
467 877 3164
347 889 7893
970 734 4487
692 658 7021
708 749 9830
344 15 6293
618 506 8064
901 660 2878
605 479 1998
13 985 68
159 70 8698
545 839 6906
226 589 4997
908 276 64
366 802 2238
416 858 9486
469 433 2413
581 916 1852
717 124 2388
860 720 9606
670 229 3484
369 218 2084
884 289 8727
792 747 8310
792 876 8794
447 175 3964
933 628 4890
807 483 4977
225 342 5423
865 992 7855
530 218 3234
458 838 7526
608 841 8719
826 593 6775
822 280 6054
736 86 8750
413 855 3861
329 331 9567
79 95 3070
917 622 389
258 960 278
997 291 8218
995 875 8546
325 276 2215
64 395 1204
969 4 404
312 365 832
137 835 6970
823 696 8923
648 446 4481
406 604 1383
211 382 2420
558 281 7855
409 287 2549
60 509 9594
391 112 7880
731 951 490
400 366 1651
59 36 8905
416 32 9813
865 511 3497
383 94 1336
58 247 1595
184 270 8585
932 279 7739
416 386 8812
56 465 2455
924 837 9589
878 633 6744
862 86 1707
939 255 3178
303 22 6367
810 393 8540
680 927 9028
129 923 1916
726 841 5567
729 959 5926
874 595 1478
775 214 359
258 425 2311
125 638 2894
310 526 7852
660 485 2282
595 225 4451
228 388 6204
931 531 5908
247 860 4815
552 53 7259
408 627 1266
322 138 4905
344 36 6552
508 85 9370
45 212 1046
268 412 5913
228 648 6579
407 36 1092
207 838 7416
161 610 3604
735 416 2290
836 539 3748
877 664 2257
789 505 4361
218 363 6423
639 49 22
951 98 625
782 791 36
650 453 5442
317 19 4460
372 206 7381
71 464 1320
548 670 4814
60 410 9026
673 817 4662
610 72 6080
393 797 944
845 93 6147
243 269 5105
264 524 2947
911 845 3254
308 682 5364
89 317 6113
64 113 3016
975 261 6325
952 387 2102
829 425 4893
212 743 9898
705 845 3609
710 358 7085
796 947 7593
216 968 5831
728 120 9272
278 955 6711
757 776 4390
393 156 2355
579 476 9974
324 170 9183
701 839 6560
483 464 2941
513 647 4521
901 728 4124
464 417 8370
469 292 706
379 818 8777
69 234 4189
603 347 2569
376 606 4789
379 26 8800
438 360 4339
612 251 8746
576 950 1124
386 478 9458
754 222 5251
147 782 6065
926 31 2457
14 435 2076
637 691 7767
31 624
578 909
241 939
11 585
300 298
512 706
778 983
603 989
933 223
255 697
144 197
461 950
12 295
278 566
327 604
531 587
530 466
924 633
793 622
286 307
461 648
544 985
236 525
790 432
381 598
936 417
572 214
239 72
361 843
842 895
