500 5000
453 474 2456
29 325 6875
29 68 1956
166 82 7878
441 332 6705
240 83 8823
487 253 6349
310 87 9871
245 431 1480
13 46 3057
295 69 268
485 306 8668
256 411 4232
253 232 5187
227 455 8061
32 83 4552
223 221 3750
153 95 7318
480 419 4271
342 393 2116
169 316 5423
314 248 2742
304 195 595
132 316 5305
103 51 6734
35 165 9259
408 41 9899
462 115 8833
310 24 9008
33 281 3040
276 129 1077
167 128 2083
13 184 6987
349 112 5620
174 165 8609
225 221 4561
462 480 2602
137 108 3783
419 373 8189
211 292 8942
478 257 6329
474 383 6193
442 487 6678
318 357 9125
403 285 197
3 446 2779
228 1 6563
137 106 1803
310 203 2300
46 168 586
296 48 4674
129 432 3515
276 426 5551
280 417 3762
324 369 6595
93 39 2930
259 335 1385
310 498 8988
388 45 2394
456 438 8367
274 485 9237
40 296 5271
334 422 4654
30 232 1305
191 196 5551
31 335 7722
253 272 4470
319 151 9986
190 268 5803
90 290 7625
410 46 2550
211 230 9335
74 469 9098
471 179 8260
284 137 8259
79 330 6770
481 309 4924
446 269 4702
32 393 6707
418 381 1512
315 415 2687
212 233 5487
173 23 6200
436 167 9070
434 8 6527
125 44 5602
87 328 6199
82 265 9727
415 406 1585
380 358 1985
454 311 2322
214 83 833
216 103 3374
82 329 3214
264 115 6536
167 317 2725
297 332 7159
13 235 216
338 236 7215
275 484 3460
261 301 6174
452 238 1833
6 404 9678
429 344 6792
486 165 3081
129 422 3323
199 89 3478
273 279 6257
316 20 7054
209 267 1761
348 154 6659
62 137 4109
189 301 3823
123 462 1507
67 280 1179
309 5 689
1 103 4401
178 136 8393
450 485 2802
305 53 5092
178 459 5388
497 477 2366
359 261 4787
172 133 3993
447 368 8322
313 209 8938
486 328 2680
462 83 2719
78 268 1596
150 156 4458
458 57 4096
151 347 9748
162 168 9186
110 69 5423
351 5 2015
24 272 8732
204 303 7526
454 260 6909
147 10 7940
361 387 3964
161 90 1020
393 214 7570
323 492 2878
341 12 6223
285 498 4899
407 69 2169
487 202 485
7 221 6772
47 136 9848
315 456 9564
132 487 651
229 21 7914
146 460 7669
434 329 3536
176 332 6935
10 223 5826
204 352 8716
452 438 3920
346 129 4355
289 123 6191
457 232 7632
140 184 9420
262 0 5885
346 425 4797
107 238 4102
10 393 6959
355 118 3464
292 72 3855
129 52 5967
30 370 6651
5 67 8777
308 288 9581
108 411 4580
53 472 1744
66 294 9240
283 87 2276
186 246 9577
390 40 4755
88 215 3743
449 252 2999
215 66 7515
151 9 5260
283 487 2469
55 152 1219
408 73 6405
130 476 2208
127 61 3096
388 436 1869
75 317 1299
6 224 9251
121 150 2382
223 138 5157
95 432 885
278 57 1280
338 15 6766
59 5 9057
136 228 4689
274 170 2684
441 379 3078
291 366 1340
217 331 6511
338 65 7072
49 268 3641
242 12 6339
69 156 5860
95 398 7660
224 298 459
486 276 6242
80 63 5716
346 414 8263
219 205 2468
191 117 428
381 125 2823
387 66 7952
314 466 9735
277 474 5504
199 153 1983
222 454 6268
436 258 6311
144 387 6418
83 135 4513
27 247 5763
169 256 446
288 382 4695
257 207 6182
128 456 4333
398 124 9178
436 22 8719
148 132 7323
433 139 72
478 209 3521
258 164 8894
323 378 5036
8 289 4234
227 289 51
14 448 6872
413 25 8165
199 195 2501
336 195 6413
419 318 8537
317 138 4806
454 215 3661
317 426 4961
58 213 4350
268 131 2437
185 254 935
81 373 3313
236 427 4162
207 218 146
452 205 1340
251 480 6919
221 477 2385
338 198 952
117 305 8819
455 464 1325
340 169 3375
381 366 7312
190 231 456
486 326 5946
131 304 8980
395 428 8933
448 458 9669
87 469 5908
295 277 8808
274 70 489
283 3 9084
147 375 6707
4 365 443
324 243 1115
13 173 582
54 55 8952
82 79 5204
402 403 3546
432 414 566
438 17 75
6 295 9596
130 193 2968
454 294 9951
499 153 8907
44 426 3961
458 283 9232
483 179 5437
54 305 2001
225 118 5656
46 391 2526
51 301 9126
356 266 3650
499 251 1484
477 11 2422
425 337 5152
357 280 2820
375 461 7912
190 175 3620
144 142 2462
415 298 3361
235 498 6685
368 353 9014
75 249 4933
410 163 3132
390 208 5205
273 3 7917
110 149 280
119 368 717
464 217 1653
342 436 5041
11 137 2746
491 76 3286
434 472 752
214 416 9159
438 320 6228
75 36 8054
5 385 9645
119 7 4949
207 480 5346
186 287 7917
266 155 767
42 98 34
242 316 7580
454 338 4823
86 430 3219
394 155 991
249 435 6102
29 215 7935
258 344 3484
303 452 2626
102 226 2406
193 91 411
224 391 8704
471 144 3307
496 33 7950
220 141 3772
242 80 1912
445 198 3483
142 476 5339
62 140 475
312 12 4786
57 200 7390
121 240 7537
99 2 5086
70 233 1523
475 499 2800
221 68 4917
194 332 5274
182 197 464
148 26 9808
374 257 1479
35 439 9567
23 39 6612
381 288 6985
295 472 7184
421 40 6404
144 271 6088
454 280 68
382 224 8308
23 312 8860
122 209 7541
11 81 3247
480 497 4618
50 169 7045
48 118 1656
340 209 1556
243 409 4816
499 205 9868
335 245 3369
221 37 1612
11 170 6883
412 209 1538
71 255 7270
307 309 6314
193 496 7406
474 182 3577
373 262 4521
307 391 7472
51 489 4991
404 481 8970
344 431 9189
284 91 9321
296 161 1334
411 204 1119
251 426 8405
114 317 7101
280 495 3960
7 479 1017
3 353 6657
357 402 2350
32 344 3171
177 240 1050
13 397 1629
173 195 7961
36 181 1617
303 339 3686
395 75 4807
174 415 9150
240 423 4882
256 140 2026
0 456 8569
318 135 1780
98 198 2160
127 425 7153
460 345 1607
75 256 4771
29 427 6008
136 370 820
292 335 9589
54 200 2521
360 88 2134
260 447 1390
472 284 8406
331 111 4060
142 255 5756
137 455 8809
39 453 5935
385 148 4257
119 291 4687
185 437 5599
489 57 9155
411 230 2882
466 302 7212
408 250 3293
260 203 2899
367 334 9207
72 204 1929
216 373 1406
150 295 431
342 464 4713
283 210 6964
209 291 307
97 17 8476
359 488 4137
80 337 3949
255 323 7109
103 157 8731
398 152 5333
408 270 534
278 43 6058
401 73 6625
46 69 4704
301 21 3948
460 132 1053
336 209 4947
398 447 8642
449 63 9003
158 184 2047
165 109 2400
180 494 2635
351 242 4714
394 288 2189
32 360 176
20 431 8887
102 110 7799
89 444 9158
195 429 6722
399 174 623
217 357 7399
346 71 1210
72 48 7717
469 467 6809
474 424 4303
102 220 7344
445 265 8169
302 472 6700
495 297 4651
390 346 4351
332 129 8424
446 29 4184
486 385 7190
444 304 2749
7 69 6640
199 431 5926
378 437 4267
344 209 2893
80 272 1578
170 426 8987
206 174 4724
256 429 7257
404 209 3734
198 170 3373
138 448 5475
427 331 8752
241 213 2430
270 364 5046
373 75 7626
418 47 7665
139 84 985
47 343 9567
499 406 4003
385 130 8203
289 71 990
233 339 7868
183 440 5269
209 343 5449
269 252 4048
124 274 7842
146 224 6333
61 229 4188
266 424 1024
398 192 9603
62 241 3400
379 429 4937
169 442 1854
427 223 2385
390 194 1047
422 46 4027
121 479 3623
260 30 5536
468 308 7133
282 208 3044
294 342 3051
320 230 3667
165 65 8988
381 68 4668
15 492 5701
141 459 1658
174 159 6234
247 308 3062
118 26 8045
234 22 7574
493 466 322
394 111 2465
447 407 1945
221 283 4778
415 487 7039
53 397 3150
257 252 4046
403 270 6067
485 476 2365
190 59 3857
48 224 5702
73 447 1360
246 293 8164
419 131 7257
205 92 1148
149 135 1407
7 85 508
88 361 6300
130 323 381
163 421 4812
204 361 2644
62 68 2764
129 451 1261
490 133 8548
196 411 6353
97 385 1781
411 210 9531
371 219 3174
37 130 3940
394 96 6966
96 393 2525
128 144 6182
278 10 2198
59 102 6663
135 77 3262
0 357 792
436 131 4050
118 71 7020
86 12 9311
253 325 5599
481 36 1238
14 407 5002
240 148 2115
11 482 1782
60 245 84
255 97 2368
47 259 2324
480 20 6579
356 49 4087
403 210 4351
315 381 2109
318 42 6105
285 397 1942
476 298 8574
205 38 6759
413 210 5719
254 102 5296
398 79 6330
438 244 1238
241 200 6647
96 80 9947
24 456 3438
423 492 4613
438 206 5953
225 37 2470
34 458 8842
261 381 7983
299 453 9101
41 369 5074
474 312 2000
35 115 3430
162 184 7186
116 356 6466
452 41 5753
353 222 6292
449 135 538
403 358 111
179 354 1121
77 101 7628
490 389 1826
201 75 8483
195 347 3178
111 117 3390
253 305 3212
435 42 4843
124 265 254
118 281 8490
146 261 2974
215 8 8246
38 24 9164
96 382 2984
58 94 1901
489 59 4821
269 186 4213
320 346 9366
306 84 87
492 404 6602
187 303 8806
472 375 1416
315 386 5485
285 403 1642
313 291 716
146 10 8455
42 46 4424
488 61 4931
51 439 9373
473 68 3446
188 446 7296
194 489 5204
117 441 8895
420 407 8807
396 232 8257
333 220 2081
99 496 1612
188 206 1118
145 45 7099
423 403 3702
372 205 4540
125 394 1135
250 313 8119
436 29 8920
4 329 3694
410 392 4004
135 4 990
194 165 6975
265 460 6709
382 252 9524
462 120 2268
234 111 1342
42 469 97
303 18 9774
470 111 1372
427 359 3428
224 311 43
16 387 1382
158 295 2839
328 362 7773
461 193 9900
315 166 2848
347 9 5038
381 238 5385
281 90 9158
23 383 1295
467 285 9890
243 35 2713
460 470 1574
7 336 3810
2 483 4805
410 192 6452
246 26 5875
208 10 139
361 223 9227
134 458 1077
145 42 7437
335 424 5629
416 88 7668
70 375 7027
205 53 3557
158 475 1238
6 172 3473
461 64 2201
163 428 9156
330 401 9312
280 167 7217
160 219 2094
267 76 3764
352 275 7173
310 199 2214
251 292 5876
208 273 1165
346 56 5228
318 451 8838
5 92 278
293 273 1985
310 329 6722
474 403 7484
325 162 5795
70 194 6604
316 477 8541
123 379 1873
69 176 7201
169 248 8642
124 134 9869
441 211 1705
313 71 1367
159 484 5060
484 292 661
376 381 215
55 213 2332
443 334 3700
382 376 6600
366 89 2250
88 182 8450
393 134 2572
497 249 2221
175 21 3838
332 124 5792
49 183 8964
356 5 4508
198 21 8083
107 317 2744
147 167 5465
471 341 9025
471 283 6289
78 38 5885
138 360 9327
245 321 7648
456 354 8929
109 176 8526
345 398 1558
350 62 612
232 419 3266
489 470 7515
80 320 9303
216 437 7146
111 199 3552
447 157 9904
391 167 8094
374 99 1817
145 251 5271
24 314 5614
154 492 740
236 42 8495
377 440 6212
388 305 2998
318 158 3056
37 347 4924
462 304 2093
267 222 5018
414 50 4945
121 258 114
175 455 9114
111 284 2804
232 362 182
140 107 5245
492 167 6263
41 172 8867
488 300 1567
321 176 6638
212 219 7611
32 410 3259
42 453 5774
177 425 7518
465 439 9054
167 184 4870
297 85 9837
211 331 5212
433 445 7485
363 179 1347
49 29 8733
115 366 4746
451 204 7595
141 9 38
300 475 6326
378 143 3196
38 248 451
331 389 2047
93 453 879
2 101 5706
103 95 6926
450 407 1346
194 498 2590
88 196 7982
206 162 1419
461 116 6756
338 454 7501
337 249 6256
73 304 3872
164 195 2581
28 234 3418
398 288 1540
233 157 9448
211 16 589
360 133 281
85 286 117
85 469 324
312 140 4725
201 346 2399
272 267 9952
356 44 4379
256 434 3897
197 228 6278
363 344 3159
339 358 8999
119 164 1907
464 318 5329
366 247 3575
469 331 5706
69 355 6838
171 314 2459
226 480 3090
85 273 7517
497 317 3888
373 343 6203
397 489 3647
266 460 1448
99 483 9880
150 68 2865
271 64 8239
249 8 5085
119 406 9593
344 365 7202
129 324 9771
131 214 617
211 412 4402
244 241 9293
102 91 2273
304 278 3609
353 119 3631
245 489 1904
418 238 895
178 439 197
493 339 7016
353 67 6943
35 151 8674
244 85 2297
395 425 4000
464 399 2607
120 493 1894
179 7 7845
105 244 9847
486 278 3052
43 76 593
471 350 5561
299 422 9198
241 274 2713
232 441 215
47 4 3729
412 451 2773
151 340 1150
160 406 7080
9 313 4832
488 407 7744
354 169 4965
237 428 4850
447 188 2877
80 119 9740
185 467 4045
438 257 3708
420 207 4441
40 409 2325
118 104 3701
274 288 277
481 243 6446
362 352 3827
441 181 9423
32 310 7028
347 147 2557
161 426 2877
455 109 9742
283 196 8127
174 230 1208
72 496 3545
34 96 1851
347 301 3888
99 474 7848
356 47 7921
342 48 7527
315 151 4191
191 134 6370
265 66 3509
237 2 316
496 135 5917
257 200 9333
386 206 3154
440 453 5147
172 249 2360
82 66 7215
364 484 6464
247 419 4390
20 188 4048
377 450 9199
300 100 5123
50 238 2874
58 53 509
179 259 2105
408 352 9669
326 282 6145
90 63 279
413 73 2700
238 450 3776
120 118 6098
52 486 3636
454 274 367
418 102 3193
289 247 6115
73 434 2030
88 310 1040
449 429 5570
249 268 2318
473 85 1221
431 430 5103
195 369 5626
117 280 9014
247 326 6938
152 10 7269
438 72 781
357 489 4668
278 209 2626
483 240 7862
109 185 8267
230 457 8201
225 104 2412
360 8 3320
344 342 9326
281 202 1218
52 83 643
335 488 4931
305 295 8699
52 184 1
276 56 4550
28 35 4875
296 386 1903
196 129 1238
192 283 937
117 296 6115
55 109 275
480 13 191
136 307 4648
290 56 1112
381 305 5852
487 236 5981
209 173 3097
478 116 3251
473 458 2758
314 269 9416
18 317 97
144 379 5827
67 272 3631
284 370 6216
421 463 532
76 283 6598
173 67 9026
386 422 1686
451 298 2172
27 216 6857
405 69 6597
220 276 4448
69 457 2701
482 290 6253
458 61 3652
430 383 6609
328 485 3394
401 359 2742
393 403 39
5 32 1104
440 250 4297
128 162 2770
93 363 324
402 70 5396
359 159 2728
61 382 2616
380 21 8552
315 9 7181
376 405 9088
365 466 5915
9 90 9357
292 117 1955
414 122 4119
395 390 4738
147 81 8798
47 415 2195
95 275 2092
178 476 5828
287 255 1832
19 362 9950
273 232 5774
15 219 4859
162 125 6088
287 412 3013
293 83 1893
395 400 7641
188 97 7374
332 420 3807
26 73 4189
235 310 668
411 449 1553
235 364 8130
438 205 5062
236 383 1463
65 13 5251
86 431 4062
31 12 8050
150 385 1874
230 87 8903
362 82 6177
439 90 22
446 245 8083
368 233 2077
440 146 6072
261 492 4826
12 406 4357
98 200 6797
455 111 6745
439 122 3796
411 337 1461
405 278 5105
122 155 8887
110 470 729
342 104 2429
32 354 1981
221 41 7337
161 461 9457
343 406 7195
378 37 4795
380 122 258
405 71 8741
170 494 2240
65 464 9598
219 100 271
213 403 4430
76 119 561
90 142 6927
34 319 3451
15 211 3362
160 152 6225
387 187 24
80 130 8411
387 438 3656
100 31 6641
300 251 9833
279 187 2169
454 349 8562
294 276 600
90 33 5520
54 381 1231
68 192 3882
382 258 1196
102 341 3742
152 383 8155
249 237 1671
215 172 8221
231 185 2052
447 359 962
101 159 5311
135 18 1982
352 476 1063
175 461 5338
29 281 8868
119 461 8699
153 407 8475
101 153 4488
387 340 3195
402 315 8236
449 188 417
282 311 1070
494 457 1381
153 62 295
89 108 3596
401 267 8156
217 184 3113
87 320 1345
113 73 8801
62 6 7182
89 125 9360
376 380 4208
94 377 9378
127 254 135
482 164 3436
106 386 2473
110 24 695
130 66 1558
231 264 1633
322 126 6912
65 130 2779
191 357 3432
53 97 3358
478 380 9454
90 435 8767
471 68 7985
458 56 5340
237 459 3660
270 55 5731
323 480 9735
31 261 6676
79 395 1046
316 421 1258
163 267 7987
497 282 9656
36 80 9904
189 300 729
289 216 4201
491 482 5118
422 246 7796
312 62 426
73 274 2803
375 426 7697
44 264 663
392 400 5605
348 465 7724
356 447 5957
493 210 2508
258 382 6658
463 157 7011
446 195 1026
47 414 172
235 195 7793
370 324 8930
473 378 8900
199 219 2731
376 111 1591
100 48 7632
482 213 4596
329 373 9835
94 82 2389
482 331 5675
497 43 7651
451 176 9284
453 154 8774
445 217 857
257 387 1921
189 298 1346
205 208 7381
117 347 8749
483 300 8937
285 493 970
314 435 6495
280 206 3673
316 428 5903
50 87 5670
302 270 7490
338 5 4544
118 266 1750
285 376 6321
110 258 3066
143 441 2185
275 68 7646
249 337 785
222 169 951
274 373 2807
308 84 64
486 130 5745
261 375 9696
411 88 762
214 239 2716
22 2 5801
415 295 9966
333 418 6643
401 175 721
332 172 1076
388 282 2289
184 109 7530
381 258 2574
243 287 1389
95 50 9116
82 358 8836
477 16 7717
137 366 917
69 214 3404
416 72 8504
349 357 2893
363 421 4235
16 260 5183
39 217 7905
437 439 5620
135 120 1128
399 252 1452
179 474 5615
168 347 5489
384 406 2948
469 401 8274
357 38 7811
452 478 6792
430 71 2867
228 205 7823
245 311 2003
278 128 3086
361 86 6345
421 209 1016
291 102 5048
125 408 5464
90 446 374
98 30 3445
451 86 7772
264 346 8659
289 250 976
340 483 7780
477 285 6371
23 198 6215
396 436 8943
487 460 9589
375 456 1262
275 265 3237
48 214 3354
56 315 9727
103 111 4552
381 58 678
35 117 6299
37 150 4362
363 291 9124
447 220 4037
478 341 8059
52 113 9081
156 32 5295
140 167 5370
469 17 6124
404 8 9631
167 52 1593
459 366 115
366 372 7139
473 415 9676
447 104 7353
168 62 2371
458 176 4900
75 313 4294
414 440 5731
377 412 5353
226 256 5450
66 303 3471
162 260 2300
121 58 7986
312 287 3635
43 223 4598
137 228 4994
70 326 1575
425 396 8060
159 72 7466
140 291 262
340 418 4280
240 367 7896
376 297 8394
159 147 8617
390 447 3304
189 19 5633
386 139 9883
76 1 4031
17 164 8666
155 470 6301
17 68 2317
202 396 7802
437 150 4934
271 407 1753
157 11 8035
214 330 9935
318 7 9152
136 301 3662
174 391 6192
75 137 4627
75 32 5697
380 399 5265
116 497 8328
149 299 6553
312 61 3215
382 277 6723
103 115 4729
10 324 529
99 206 2145
172 102 358
472 208 1527
207 9 2363
275 171 1795
332 335 1534
463 406 2923
100 425 1138
318 447 3210
413 191 3598
191 207 1662
374 8 3375
63 257 8170
289 84 7646
244 55 1667
121 84 8180
72 336 3045
432 296 6635
70 56 7502
144 457 4515
396 78 1436
299 342 7690
231 447 600
190 286 6938
322 228 907
259 48 6271
105 437 9711
418 5 354
114 25 2742
42 148 1734
152 317 1883
37 246 307
164 9 1879
245 488 3304
125 47 8721
418 431 3300
494 246 8599
47 114 4153
69 265 756
155 21 8276
293 247 3548
196 83 7954
367 439 3412
147 76 8569
112 448 1360
355 194 7180
150 358 8447
122 41 7980
495 416 2435
135 371 7244
13 334 2341
124 94 6861
305 323 8706
36 349 3253
382 33 2049
85 217 4880
319 265 2682
65 286 5003
368 116 6799
454 15 1612
57 204 7446
155 285 1744
356 278 4401
422 150 8808
154 430 6599
145 321 2591
306 155 4357
3 100 9768
464 192 3873
165 351 3904
159 52 4261
254 130 4040
222 330 7223
192 488 2697
414 419 4640
293 378 9148
437 283 8103
214 131 3068
216 495 3690
467 193 9850
73 401 4434
277 254 8188
332 324 9642
90 251 2931
238 456 7770
27 445 8689
340 118 5300
181 299 3841
155 229 4884
328 62 8694
478 12 9932
84 464 5668
496 27 723
393 118 4519
13 110 6776
348 218 3924
397 11 6318
438 173 9624
418 273 6091
84 127 1148
237 410 4388
124 444 2008
289 58 8106
454 347 1432
144 16 2246
261 126 537
485 194 8915
287 240 7188
203 242 2608
252 255 9364
154 97 8090
91 179 9025
359 205 8218
56 307 8636
109 174 1127
41 252 689
28 223 4931
272 225 7596
141 11 3377
31 348 3569
327 334 7921
371 498 8061
167 272 6277
426 423 559
318 246 1329
406 190 297
355 181 4169
46 291 5892
69 386 829
68 108 4670
273 240 7297
113 139 8840
393 255 2512
355 184 4489
383 223 1607
132 121 8666
434 169 1191
64 94 4007
26 2 4604
399 361 2192
241 446 6135
474 440 631
476 104 7561
15 303 8314
353 29 367
71 261 6381
27 495 8542
422 477 9224
463 460 3693
245 287 994
156 445 1007
215 46 5934
189 109 5023
178 205 4874
57 450 9730
229 461 4733
224 436 2419
466 202 2979
121 9 8843
450 424 5236
172 146 5589
171 400 9770
24 100 2321
327 198 2087
264 240 7894
367 312 2704
418 108 9480
324 312 9193
17 359 7174
443 226 7098
225 372 7938
324 68 4407
87 263 7756
3 16 2671
112 466 3362
475 79 7064
191 298 4298
233 140 2291
305 410 9349
334 60 911
407 12 2681
95 35 6577
188 68 2263
138 107 7227
82 114 4827
391 202 858
223 384 9939
367 287 8378
303 114 7220
162 373 2918
85 258 5006
109 374 7418
179 134 6692
72 303 8703
285 261 2284
108 266 6524
211 2 3273
301 489 5601
355 340 2802
408 76 7273
317 400 1455
29 408 1815
173 458 8258
366 391 1397
479 110 564
88 219 1090
328 207 7979
2 469 3619
354 382 9501
69 108 2392
391 79 3692
57 499 7020
460 106 9590
104 416 7239
199 489 6428
491 301 9302
172 119 4353
282 467 6673
217 314 1478
340 110 4716
137 229 6022
145 426 5870
396 23 9209
251 272 1900
405 454 8808
0 277 5837
391 185 6246
112 227 4073
74 482 8990
256 360 3977
258 29 1
366 392 6450
179 202 1410
139 214 8423
283 272 2774
207 213 8968
419 103 4130
82 352 9581
274 448 9430
132 318 8188
11 57 2664
444 401 4769
452 280 9438
401 327 8791
191 182 5327
219 265 7052
48 248 35
85 36 4026
404 234 4110
157 87 2638
289 492 4645
5 253 7996
484 475 4278
108 300 9970
249 385 334
26 491 739
408 385 3344
104 452 4283
359 232 9562
127 66 9925
495 67 9252
438 169 6562
163 31 3872
488 423 8353
272 298 9969
473 466 9509
229 422 999
324 36 7294
258 308 9338
162 362 4164
322 184 6198
409 156 5343
404 269 1938
203 440 2005
249 140 1334
398 258 2350
450 338 8503
72 117 5837
375 49 1881
74 21 1581
166 138 2167
448 11 531
390 313 1975
81 432 2146
155 342 6710
75 229 5699
49 217 5818
188 377 6929
183 4 1013
494 363 4352
327 175 8172
461 91 8645
309 440 9041
114 427 2121
411 50 4483
47 292 5162
386 244 3517
28 168 2261
465 37 8085
382 416 3294
336 149 4214
180 187 8706
383 57 6086
466 191 7037
134 491 874
260 452 3801
394 308 2916
430 495 9047
281 226 8666
461 446 197
21 244 1621
24 34 9350
208 497 9503
369 106 3494
14 422 6851
359 358 1325
308 54 5183
69 363 2040
90 187 224
404 187 7927
393 408 5245
131 158 4975
45 0 4051
228 313 4266
445 489 7232
252 447 1067
364 329 8390
287 289 584
203 332 6139
78 432 923
11 181 4278
346 103 9339
215 368 9178
178 486 1638
331 382 5851
236 132 876
21 121 249
242 173 9103
135 238 9532
186 280 2252
42 74 4026
362 223 3232
338 83 294
393 436 2356
222 93 696
66 356 8690
320 302 8880
153 7 6120
231 66 3706
381 312 59
166 235 7159
329 109 1157
33 121 3225
178 487 3068
37 92 891
115 94 7135
495 16 7567
485 53 2229
266 122 5646
282 276 6311
336 203 6867
37 128 9469
71 79 2321
129 481 6143
151 319 5626
213 116 4960
393 291 8038
422 35 259
411 191 9346
322 76 2297
376 124 4920
394 40 1986
299 143 5395
133 218 3529
15 34 8257
29 31 8522
386 95 6463
230 139 8808
273 337 4837
300 120 4081
53 40 9126
290 376 2609
304 451 5543
118 35 239
488 431 2580
219 150 8837
187 328 926
365 440 980
328 394 9756
34 436 5228
316 114 7816
452 38 911
49 178 3800
239 214 6598
9 404 2907
62 237 7695
446 280 3770
54 307 8072
494 243 2496
463 368 3468
169 228 166
171 473 2503
102 80 1818
242 463 98
321 146 5569
109 213 7668
369 2 5292
445 400 3035
492 417 1049
135 338 6927
432 246 5889
34 27 515
422 109 6179
382 430 2667
217 450 4828
131 481 5748
363 439 3425
187 366 5831
420 463 7438
405 156 5016
74 287 6737
224 439 118
433 309 3025
424 148 662
215 448 8917
421 264 2393
34 489 1974
26 212 5047
137 459 3190
472 34 2206
286 434 7042
291 421 6642
114 296 3002
195 246 3059
108 197 1384
161 425 8515
158 428 3982
110 27 857
447 18 4683
380 490 8743
309 294 7217
202 79 33
115 166 5879
78 118 4528
270 425 1372
68 48 4812
165 423 916
373 61 4723
88 149 4708
419 33 7615
11 273 7571
125 198 5604
212 228 3354
485 251 2979
338 175 5888
211 340 7151
345 321 6764
226 189 2961
133 261 9865
89 200 8481
63 50 3011
0 99 8075
334 94 8571
59 352 6879
457 456 3435
303 142 3528
334 355 5422
249 427 5966
239 198 4396
266 193 4670
157 332 2357
422 159 7113
175 85 8567
24 499 154
37 82 6621
133 466 3438
453 459 9355
133 106 6539
122 280 8881
402 281 6579
26 195 9450
8 197 8886
437 189 9186
300 53 8726
83 46 4643
399 459 3844
30 286 8818
73 315 7169
491 54 7960
0 236 9410
216 166 5490
52 483 6691
234 12 4605
82 438 4167
172 81 7469
391 368 7773
124 463 8365
166 293 8161
412 427 8535
251 344 792
30 438 8299
432 32 5317
362 245 6965
130 452 1135
437 137 9744
268 331 4876
173 70 6037
423 189 3593
450 82 1658
344 451 4584
412 374 3530
430 393 6177
117 313 2861
41 321 194
271 17 3656
294 130 1852
156 382 8846
305 262 6963
232 319 2480
193 278 232
131 170 7313
91 266 2536
67 44 1209
126 260 9110
341 24 5279
262 427 8619
393 416 3854
419 367 7366
165 37 9321
20 234 3851
177 388 5438
307 360 6257
119 31 5002
83 395 9256
248 199 687
391 402 3943
31 123 7535
44 462 5642
166 428 8406
250 239 2209
194 170 9124
414 147 2809
39 316 830
332 436 7986
447 13 5875
336 349 5376
90 193 3182
44 209 3612
111 390 4679
172 83 9169
422 266 1517
301 237 1180
277 162 721
437 406 274
283 99 3128
30 365 4664
287 210 8172
434 406 1335
250 31 6142
268 361 5420
264 22 7041
40 410 2402
419 47 9297
450 201 1596
282 499 4376
232 446 7277
293 379 1533
233 396 5187
357 11 8196
403 90 8379
426 205 6914
257 243 7556
351 199 6795
123 204 9714
79 386 9453
473 103 7434
209 21 762
462 217 506
67 318 1922
336 41 2644
293 479 1712
38 422 7298
6 353 7604
272 168 117
427 357 1124
62 474 2541
126 310 4486
355 155 8504
218 273 1828
169 383 7957
87 44 5435
353 410 5467
259 190 1893
47 394 1383
482 167 8148
427 202 8089
297 177 4518
279 370 63
188 213 2180
293 67 2882
383 403 1173
355 389 5270
44 493 8689
381 130 2932
368 93 673
67 168 6378
98 488 1615
67 8 722
397 193 8723
481 59 993
165 347 9905
451 422 2041
339 127 3060
124 126 7776
37 267 8963
97 419 9363
147 143 5064
67 274 9365
242 30 3583
402 44 837
164 190 1197
454 341 2064
258 462 2438
467 434 6093
409 64 4683
200 357 3559
378 389 9866
55 67 7381
279 249 7143
474 134 3313
336 50 1348
383 189 7885
211 37 9482
239 202 1585
465 271 1988
388 2 9353
289 353 2129
215 14 2592
334 223 4666
405 397 1252
322 296 3491
141 298 8107
164 346 8604
272 47 7931
99 237 1818
438 26 8920
400 298 2250
495 15 459
290 319 4106
297 441 3124
272 74 3243
8 495 8962
335 480 1931
35 228 5250
122 167 6978
48 7 2883
32 61 9107
402 39 1818
450 317 8734
363 180 9030
425 59 3683
154 456 1335
291 81 2707
235 221 6528
229 278 8671
258 264 3391
125 347 2931
63 74 4512
449 389 736
238 347 5116
168 49 4421
403 290 2062
69 460 4237
146 194 6880
80 470 1693
90 190 7521
447 4 9695
2 251 4222
21 253 1878
463 319 3550
217 413 4426
253 453 4259
437 441 417
68 391 8906
304 134 6857
103 97 2600
22 183 2885
131 308 9524
472 176 3133
380 10 3726
11 263 7542
304 397 8476
161 224 5690
349 230 5049
29 55 8660
399 61 3001
65 348 3407
135 342 5263
140 396 4764
64 173 9799
379 290 7930
411 143 2298
259 430 7688
445 292 2459
144 100 5531
2 66 9565
421 498 2721
362 444 6372
293 481 531
291 451 1758
161 11 4208
499 149 1789
264 448 5343
281 396 174
114 145 8199
82 256 3589
276 55 7916
161 220 9087
385 291 5205
267 249 8506
11 159 9452
285 110 8651
41 221 847
489 439 7260
303 349 6037
447 116 1739
67 95 560
387 26 1307
114 122 3275
199 62 2048
436 403 8873
46 294 6333
192 100 4476
306 426 3525
336 215 873
1 181 6528
439 215 6064
349 255 1722
163 240 4599
90 419 5845
263 286 2188
497 10 2361
291 4 4072
449 308 7396
332 455 1486
6 357 9526
85 197 8175
258 466 8856
468 354 8000
291 130 8927
470 438 5577
45 191 739
418 306 7773
142 458 6579
193 12 3693
109 95 1215
298 441 2057
1 254 5929
26 167 6444
143 393 3007
205 366 8739
33 459 164
13 424 9680
397 280 473
482 357 4461
408 481 2667
223 215 9848
331 208 3821
203 81 9153
142 460 4649
153 345 9026
371 385 2835
317 291 8930
321 3 9718
306 36 7626
199 401 3392
296 197 5067
22 140 8402
197 459 9973
48 15 3101
291 8 3949
237 443 7261
349 300 6916
186 46 1057
13 333 3818
283 234 9163
423 494 7413
16 483 6984
119 408 9743
394 238 8343
145 159 154
262 471 6552
299 357 5274
384 244 6239
488 385 1522
462 463 4948
45 313 8306
174 97 2019
285 175 9516
133 201 7222
334 450 8557
207 147 240
50 302 1876
270 178 8845
350 103 5572
138 104 4144
188 92 2474
379 134 2910
330 414 52
325 256 8719
136 292 2489
159 373 3505
359 192 6826
386 127 7465
129 143 1710
104 305 5210
106 312 3454
142 482 4064
20 117 384
261 219 9108
172 239 6823
238 426 3305
365 38 6469
246 120 2630
2 25 1181
192 229 4046
379 244 7776
297 236 4518
69 238 3171
250 472 8716
322 53 2371
24 211 3108
151 465 3950
366 252 9669
29 176 1709
202 408 3893
249 246 5748
444 395 916
355 154 3050
74 229 2822
111 91 998
176 34 8721
314 456 3922
337 483 3037
143 324 8610
270 244 3966
402 172 5783
422 339 5788
387 293 7661
498 355 7859
442 333 6095
477 10 2325
127 327 2942
433 395 2884
129 486 9407
283 245 9002
114 163 9124
406 207 713
435 97 2589
422 367 5920
12 192 7892
499 232 9391
193 416 1797
154 168 9052
260 69 4933
91 302 4018
254 87 8110
204 241 5931
249 327 5175
226 100 4160
407 432 7001
348 223 3550
164 324 4327
169 154 8210
154 472 6950
183 197 3603
202 407 3051
353 442 2668
292 156 5557
317 219 1714
18 387 3929
309 110 5373
341 473 4086
15 105 9278
349 339 4372
204 466 194
66 419 5292
91 270 755
53 259 8268
299 365 7600
293 250 8771
74 399 3181
105 160 4241
365 83 3282
144 369 778
156 34 1870
478 484 6201
200 355 6979
472 264 8838
73 450 7133
126 122 724
196 24 4394
34 205 7533
451 406 7995
351 239 5873
169 131 9578
93 268 5465
408 262 3162
460 247 1202
447 169 5104
34 430 2174
475 266 6392
460 60 2
435 23 6619
453 79 3874
282 348 4938
498 234 5058
200 318 712
126 464 693
202 138 8625
88 235 5621
440 59 3030
464 77 9340
165 325 6702
340 55 6158
69 335 7278
489 295 1071
220 177 8565
464 14 4173
351 481 7844
217 15 1250
433 480 8834
440 64 5229
178 169 43
294 216 8579
274 407 6517
233 294 8823
132 436 1385
91 459 1692
51 117 6339
278 42 73
398 355 7461
258 485 5234
67 428 8380
330 236 8473
409 324 598
497 279 6336
219 446 7266
184 304 702
47 193 8007
351 2 8491
57 26 3794
349 320 5628
317 485 968
311 229 4773
479 85 8453
434 412 2025
58 391 6872
49 81 4296
252 194 7690
485 265 3
353 88 1747
39 234 5550
495 474 1415
203 333 2716
188 465 7888
106 48 9911
77 401 977
132 328 538
371 323 1351
434 13 5807
201 344 5805
235 64 8677
306 263 7819
361 193 5286
338 267 9976
170 258 9069
80 273 2733
401 99 7266
327 259 1533
221 206 9338
483 272 5442
279 407 473
278 261 7476
298 213 6325
469 106 2138
5 289 6993
215 3 2857
453 381 9437
495 344 1086
67 445 2224
84 313 1005
173 313 3162
346 367 4305
161 191 1072
70 494 8773
77 273 5599
334 420 4713
64 378 6971
460 10 7228
291 34 9327
214 306 6595
448 396 3081
231 455 9345
296 495 7123
273 405 6286
191 380 2762
371 236 2756
188 303 466
433 325 1220
430 456 6946
81 298 1953
396 370 8578
3 432 7323
344 376 8609
340 219 1464
189 257 890
127 241 8783
124 185 5983
6 348 1861
129 393 3736
111 347 159
90 466 7766
131 218 264
385 426 1464
433 44 2659
60 252 2635
64 101 4281
317 334 72
113 410 3670
135 357 4437
435 402 8493
330 75 7812
186 106 9014
202 330 1488
116 150 9357
465 434 3952
0 220 889
467 212 7404
436 102 1657
408 3 9603
142 136 9617
362 2 1782
389 167 4706
450 249 126
122 334 4737
327 96 9813
10 34 4456
457 471 1148
276 197 5025
75 3 724
257 35 5772
375 122 6845
256 145 5938
26 272 6388
127 280 5703
489 62 321
271 444 4641
123 37 5282
249 24 7949
66 80 6816
485 477 4480
106 210 4951
106 327 7983
236 429 8301
140 164 5854
108 379 2546
455 494 231
3 250 1329
325 395 7902
217 191 7959
88 395 263
458 326 9862
217 347 868
464 106 2227
45 496 111
58 373 8040
479 342 4107
96 202 8161
33 484 2678
236 410 6081
67 285 1575
420 60 3236
12 451 16
281 365 8064
149 360 7805
295 117 3383
282 241 9051
442 284 3260
463 304 2620
145 327 6752
44 379 3926
261 217 3965
467 98 6196
166 248 4117
97 443 4068
372 386 6456
227 352 9101
262 429 7144
366 432 1400
314 152 630
213 498 4517
91 121 5996
102 275 8713
220 258 6382
338 134 9164
132 220 4279
348 124 9703
376 419 2556
326 372 6619
118 417 2639
381 480 3674
403 43 9181
183 83 1910
83 15 5693
100 149 274
423 27 1007
85 346 2737
331 374 5592
399 286 1456
313 351 1573
299 268 6404
456 478 3457
367 87 8197
465 71 3917
186 234 3410
476 325 9540
115 259 9183
114 327 7159
216 118 8554
152 438 3794
222 66 6343
144 380 5748
449 138 2991
212 202 8254
325 187 675
255 304 5279
467 60 7411
410 442 613
456 99 7069
42 398 1109
451 430 4672
443 78 4283
38 432 6779
41 146 4902
458 101 6185
190 184 2536
252 303 1022
487 74 6181
202 50 8174
172 446 3569
286 438 5498
458 50 5794
401 137 2336
279 304 7126
187 149 3794
211 491 5020
159 371 8683
15 155 8010
437 339 6832
213 241 7962
396 398 757
445 487 9938
391 310 529
320 222 372
428 151 7361
402 100 6299
226 439 6085
236 257 5739
179 162 949
79 466 1547
238 475 231
116 163 4357
180 59 4692
295 460 5717
473 451 4735
169 114 2264
80 345 333
278 385 992
443 495 5548
250 323 7719
387 34 4129
248 264 3583
82 221 5252
30 174 1919
217 379 5972
1 305 6841
308 80 306
62 236 123
17 232 5270
379 413 4057
200 495 8014
417 233 4623
193 260 5797
16 7 953
100 226 7334
271 329 5895
200 166 6191
480 331 7627
340 388 6878
339 275 5109
98 465 2114
366 259 3606
479 133 2136
453 327 4507
371 343 7707
108 133 1334
325 221 3738
137 326 8332
194 177 2340
344 105 8714
140 383 1230
400 20 3423
230 443 3996
320 178 893
332 35 7121
239 26 3279
106 426 4863
230 340 9512
357 278 6816
254 308 1941
371 225 2927
16 296 6705
191 333 4903
81 405 347
468 440 4266
451 142 6197
53 254 431
478 384 2733
293 270 9611
366 30 1916
406 433 6041
193 232 3125
196 276 407
491 243 7629
170 381 7564
210 404 4718
439 466 1575
485 468 9360
96 74 3974
369 185 1927
295 302 4139
467 225 5503
123 25 152
464 387 6330
28 442 3637
71 280 5278
275 330 1830
250 282 4174
185 102 4543
229 175 3451
319 109 3817
333 290 4445
468 257 5293
270 292 5443
271 134 9039
185 106 8682
447 288 2703
6 277 8833
474 409 8388
149 42 7595
403 377 9425
496 442 4107
54 272 5343
125 280 9889
205 286 6344
267 189 3981
253 41 6189
182 348 9229
190 240 2239
167 60 5645
412 363 5888
467 161 8030
281 201 7995
497 333 5114
117 495 4904
128 381 7482
322 18 4424
202 257 3033
135 138 7343
157 440 3231
327 454 8373
52 278 9002
30 218 1382
269 171 2699
483 141 7875
40 158 9487
378 102 196
470 232 3020
203 255 87
195 487 7452
436 353 2119
113 148 3168
343 12 5172
27 245 3458
171 307 7919
345 73 5452
117 263 4910
317 134 4907
293 484 1464
398 267 1171
424 457 7592
75 96 1024
357 80 2220
124 106 518
172 97 9585
287 444 3689
425 454 3664
409 472 1646
47 77 7912
275 33 3398
318 133 6061
368 462 7242
359 169 6781
8 231 6196
43 200 836
452 442 1580
48 277 456
57 206 5910
385 431 3341
465 328 1644
44 451 1162
55 323 6730
344 397 6465
17 215 2183
110 74 5613
63 107 8295
380 134 52
175 442 8459
248 336 6875
471 78 2198
460 195 7646
305 482 3259
45 389 9814
139 135 5163
342 160 1951
471 402 738
312 452 8401
362 339 2894
220 352 4098
406 284 7808
140 362 8963
285 334 9341
229 289 3935
261 53 5857
207 146 7156
12 283 2640
368 267 2619
331 19 8011
90 356 9009
452 82 2992
493 127 2633
3 65 2482
405 45 1724
496 140 3658
306 220 9244
79 288 5112
476 189 8157
173 305 2326
318 331 1233
399 29 4615
209 98 3510
93 261 9144
25 208 6746
136 100 3768
293 71 233
63 37 5375
341 231 5403
205 141 3998
223 70 6958
196 303 4416
421 233 894
421 55 6508
427 421 9433
302 113 727
264 365 6723
190 158 9955
237 96 5057
493 330 7140
312 160 2526
439 141 7067
4 62 2673
270 370 3892
388 399 1350
496 17 3676
390 12 5349
62 110 6648
118 163 4304
292 434 9061
3 122 8183
449 391 573
287 192 4259
33 396 9911
246 374 8208
214 56 8632
60 228 3025
86 40 4014
127 23 6886
145 290 7130
251 331 3489
452 297 5244
53 257 4178
37 489 3035
117 274 3939
439 402 9319
318 374 4717
157 106 2527
152 336 7498
440 79 2066
70 372 4685
54 68 9887
81 266 5790
341 65 9407
403 28 1591
205 283 7291
373 39 5768
322 291 5658
124 29 791
498 398 8067
433 81 9025
459 325 8622
12 397 6657
9 437 8612
338 158 9369
166 312 9118
407 319 6161
189 494 2559
487 26 1344
344 134 4446
190 467 8423
339 290 7089
328 343 9825
382 285 908
151 442 9728
253 183 3789
430 190 7372
417 386 4877
133 494 853
315 355 1513
377 52 4175
171 359 6976
68 323 1169
495 106 1803
393 490 8068
35 308 75
45 305 5360
70 161 5726
40 20 2645
3 254 2600
297 349 5952
154 462 1063
293 409 550
138 114 1041
133 437 8775
151 196 6503
172 422 359
137 273 6450
270 415 5368
417 433 8683
375 221 9175
129 104 8423
127 79 2248
291 324 2030
431 187 6142
381 328 6687
246 138 3119
13 207 1761
131 288 16
419 445 7006
4 121 1719
491 254 7919
139 122 5186
248 389 3351
301 263 6518
159 334 5495
171 105 7466
237 246 5057
137 62 7525
248 119 4399
164 466 7613
273 309 2708
128 146 3303
37 13 3842
322 152 4592
271 65 5958
308 185 286
263 181 4725
194 95 163
134 445 4445
394 4 2788
418 477 4385
403 432 9754
319 248 4508
159 349 7274
219 486 2327
236 60 4234
104 68 5699
16 101 4493
105 415 3816
296 157 7001
408 492 5485
479 431 6735
496 187 6034
82 120 6033
240 424 6906
155 170 7007
134 424 5178
35 302 8447
135 309 3231
46 45 1621
241 263 9522
453 223 786
45 421 4651
401 45 7281
494 142 1376
442 57 1532
316 281 5599
30 120 1866
104 149 4645
341 447 5016
109 368 4479
467 214 463
439 486 8030
420 178 4720
36 390 4745
239 22 9668
458 84 6084
443 400 8569
19 327 7223
302 298 6569
398 112 9079
11 417 9273
326 131 6802
52 268 7831
384 393 8343
110 488 5569
376 329 9798
396 10 209
191 94 4926
7 79 4358
289 440 5482
3 460 5201
283 492 1516
360 424 8623
220 17 319
395 11 9462
155 341 5748
345 91 1866
60 320 7902
79 55 6598
480 107 6668
192 458 1415
241 44 6581
154 183 7964
167 289 6700
200 163 7358
434 385 2218
149 204 1892
120 414 4277
61 96 2494
157 409 5503
243 449 6023
252 399 9824
119 290 9963
348 79 2903
248 260 6942
281 213 6831
406 337 2688
51 161 4622
48 206 6169
120 319 5062
471 222 47
45 487 2067
125 257 574
392 459 4723
125 90 1493
3 186 9108
83 380 8477
50 376 7645
183 318 4063
161 421 9949
313 184 2349
432 368 2581
470 239 6216
57 225 2442
478 111 4455
50 85 2647
214 51 6280
405 472 1308
161 14 5094
485 93 9275
245 367 8745
130 409 4137
364 355 1214
262 205 2599
61 19 5295
312 373 7613
34 371 8764
276 174 5591
222 227 4785
433 277 6893
39 224 6219
228 407 351
151 77 2436
462 436 2574
469 380 6805
309 9 3750
332 186 5323
231 22 6823
250 435 5736
137 367 1353
34 79 8641
70 29 3786
430 9 7093
93 313 9264
73 371 6160
410 380 8619
238 449 9299
142 182 9585
365 394 4037
263 316 1113
480 14 1589
110 120 3701
397 110 9321
396 440 9752
361 164 4897
337 144 5240
188 209 6100
377 156 7057
73 263 5507
286 80 3588
235 360 6704
480 242 5783
326 380 8975
475 485 5843
465 355 8401
164 109 3714
486 30 9709
216 2 2295
241 116 2992
129 243 9331
394 117 5988
266 220 2934
121 72 3116
417 170 4619
212 456 9713
466 377 4640
26 240 9662
487 61 8334
224 231 2541
251 236 3031
90 223 5322
416 180 4528
228 112 5077
75 497 8128
48 308 8029
316 77 6143
309 422 103
339 391 5994
243 181 4313
5 467 8055
310 445 6499
184 225 9762
259 350 6634
51 395 3907
407 298 3195
368 275 7594
389 331 2547
427 149 6709
441 242 1983
141 167 3936
115 485 9084
292 466 6862
204 245 9365
289 282 1358
479 178 394
262 195 414
499 492 78
390 195 594
95 391 1413
152 248 8126
481 121 1841
217 282 9136
165 15 1529
451 399 9519
389 139 7702
394 317 2323
67 193 1189
158 181 408
131 455 3040
365 146 113
202 55 3554
95 494 5691
6 324 9593
26 23 8498
31 217 6962
314 361 3648
318 483 6578
360 471 5080
109 148 6295
472 137 1246
444 298 7475
122 293 3693
223 324 2086
102 310 4062
284 246 8182
260 64 9050
39 420 6151
88 453 6081
244 229 7921
54 181 6282
392 55 2784
131 270 1628
387 486 2880
400 129 3015
6 180 5590
179 294 9794
123 488 3771
231 35 1129
323 421 3960
178 74 1750
179 163 8638
269 116 9811
279 475 626
339 186 1550
185 128 672
208 121 9037
250 175 499
2 403 5816
240 78 7926
149 157 9980
403 393 3068
131 473 9235
114 398 2728
397 420 6215
428 217 1667
89 341 570
320 42 2595
214 50 4484
224 255 5369
206 416 3821
89 0 9551
52 81 4490
232 190 6267
387 170 9290
102 481 2125
436 428 3867
174 280 4057
412 256 2163
132 467 5916
366 426 1934
211 171 9283
379 271 7564
52 125 3113
131 24 3432
420 202 5361
61 60 5478
361 373 2658
431 343 5074
439 288 8866
107 347 5953
225 8 1501
495 88 3280
444 352 5634
83 437 7608
151 484 4661
194 493 3941
235 191 391
156 288 1036
11 325 5654
2 127 5202
391 43 9547
339 277 282
385 221 8538
460 162 2912
96 182 8979
407 146 4071
196 135 81
176 9 6328
71 453 635
439 332 366
91 347 4776
128 18 2164
45 91 7040
299 362 338
126 161 4891
222 444 9444
376 324 9919
485 86 5743
169 72 5358
266 68 3109
498 194 6483
275 121 1798
422 347 9128
384 323 5934
303 427 584
239 467 9519
246 493 2127
339 283 5262
239 217 6888
213 45 2400
9 361 2328
94 87 6747
363 312 8027
492 139 5123
350 323 9894
486 433 3486
126 215 3137
464 395 8641
200 487 1449
46 200 5324
188 240 7801
41 229 6624
9 337 103
223 115 747
302 147 260
278 479 9525
229 99 8131
6 153 9971
214 487 1612
302 364 9744
49 408 6267
338 178 8842
313 452 3739
97 345 1521
97 331 5016
0 444 7314
342 186 2766
275 452 3275
309 195 5064
179 302 292
372 78 7806
344 61 1217
313 114 6161
475 69 9051
372 301 4983
298 314 5020
300 27 1325
473 356 9530
240 24 687
135 335 4605
60 377 6469
237 356 2737
279 313 5159
40 51 4239
306 265 8837
389 218 7618
374 155 5268
98 416 1859
265 468 217
496 449 6470
389 234 6600
167 95 7157
172 467 4898
327 339 6617
86 170 5424
367 158 8154
295 193 197
310 272 958
498 101 339
462 410 8611
17 116 649
253 207 2585
325 402 4999
477 419 8325
40 26 7462
182 126 1477
196 479 9547
483 359 7226
488 495 4287
32 223 7339
416 116 7979
479 20 4305
220 438 6090
5 192 4898
81 407 4859
29 360 4433
151 20 6251
216 494 7483
121 287 2371
82 494 5123
495 454 5707
136 55 5136
14 264 6879
325 130 4598
139 78 8059
435 323 6813
295 61 8485
243 256 2537
493 488 5417
64 325 9025
62 477 6876
185 465 152
337 157 6380
436 71 3808
454 450 8147
397 470 8988
306 159 3049
172 111 6838
87 332 9294
454 388 7293
43 420 4599
17 75 43
54 399 2758
254 205 1834
71 459 5025
261 467 7837
311 387 6955
38 280 1115
242 162 3974
273 59 7936
414 243 2242
249 301 8715
80 70 7156
371 337 4625
137 464 8375
234 243 4085
2 338 458
16 367 4138
446 162 7980
42 400 3822
57 221 1934
340 268 4675
495 497 5837
441 135 4302
436 374 8334
146 277 6075
45 348 1800
100 227 4746
296 321 6137
227 446 5319
244 80 5140
244 325 5003
123 416 5685
266 401 2693
227 112 8817
55 230 8800
277 152 2367
445 167 2324
221 286 7164
244 222 6449
165 435 9660
196 134 3743
10 456 2840
309 165 500
55 3 4335
303 212 8165
307 24 9996
73 168 2992
244 176 9775
48 181 1234
56 441 8072
360 63 1663
211 348 8757
259 134 3080
48 371 1281
357 167 3359
198 375 7955
426 10 6906
187 403 7256
115 453 4196
111 181 388
78 195 546
216 483 9495
404 60 1608
329 326 189
361 41 2074
41 2 776
457 11 4943
447 468 9496
136 196 1053
75 375 6875
10 486 1585
447 113 336
496 391 762
271 127 7461
484 85 3929
338 181 2040
496 209 6123
116 442 5176
383 318 3153
473 250 1248
271 210 8426
261 66 8043
139 86 5002
262 453 9562
348 314 2525
208 17 9133
195 493 1852
47 473 4560
450 168 4832
136 448 923
180 359 1660
499 193 1351
245 167 5395
359 495 4350
452 490 2256
265 221 4847
204 325 3818
367 361 9024
262 43 612
123 424 849
472 266 554
248 159 860
34 86 4696
329 30 1673
478 308 5725
8 291 5376
236 178 8580
233 247 7677
430 410 9682
91 167 4286
321 163 9628
321 21 5093
286 285 33
373 43 2346
62 343 2291
295 464 7842
113 21 8222
423 456 4921
221 198 687
215 465 4373
495 499 2996
203 435 9603
410 322 6774
237 6 8303
317 206 2973
303 370 8433
312 286 9366
29 10 5271
340 440 6769
32 69 6645
57 468 60
95 435 7899
63 147 3045
205 45 4342
53 36 8208
349 267 4626
336 425 1960
341 476 1979
235 41 7365
233 34 8385
195 119 8948
211 77 5900
79 415 8171
295 260 229
204 118 9101
231 405 2103
58 266 5315
497 309 3556
62 466 5751
476 394 2175
221 18 2496
474 447 4396
50 307 1569
93 189 4795
381 335 8306
382 163 6039
182 409 2975
454 212 7729
176 274 8269
231 348 1548
92 196 5061
446 4 4031
449 97 5019
372 351 8859
253 269 3133
304 34 6035
199 373 512
162 394 5178
414 102 8026
316 490 3371
209 85 6951
290 36 8882
367 449 2684
414 84 6816
418 321 8144
356 304 1365
324 473 884
267 345 9952
459 20 8276
131 108 100
447 125 1853
446 384 1949
32 462 8885
234 339 2562
260 271 9818
299 328 2920
247 75 5861
300 160 8838
252 391 8243
166 446 9312
127 484 1001
251 172 6934
76 253 4809
330 169 9053
466 256 3495
473 16 7001
192 398 872
190 441 9193
122 467 2324
134 414 5391
310 323 4683
491 57 6418
45 449 4155
163 210 4455
363 397 8833
300 87 4338
277 466 8313
405 187 659
272 34 7413
152 46 6170
54 415 311
273 406 9858
2 36 1994
374 131 7360
311 54 4087
170 269 2668
346 275 4229
491 33 1376
386 498 617
58 414 1933
395 455 3901
5 74 5689
292 473 3060
492 165 9603
275 86 6277
243 207 734
440 312 1296
238 117 1425
175 478 2069
34 51 2451
293 259 9447
252 154 54
110 91 428
65 30 5611
362 252 8421
335 133 582
252 222 2715
19 90 2492
489 402 5585
148 353 2713
370 190 7410
229 311 3475
164 271 1303
251 27 9915
41 409 6080
138 27 7369
477 433 9564
155 305 1459
193 71 8133
20 16 9793
304 136 7670
368 235 615
132 370 1579
83 226 9744
295 310 176
418 196 8397
245 429 9502
272 238 7563
47 219 38
173 374 6821
311 58 4387
83 155 4692
292 439 6889
434 271 5625
289 458 2503
73 336 6773
76 330 8190
41 85 4987
28 405 4234
92 62 5712
163 169 7951
306 90 7026
198 127 6565
460 355 1423
192 409 2444
328 380 9168
478 361 8553
12 77 1412
15 386 3400
236 122 7141
35 234 1050
70 37 9818
260 325 5474
379 122 3037
308 41 7725
231 81 59
193 114 9804
85 287 636
262 229 3616
395 249 8530
321 203 9661
367 482 9075
166 431 9517
484 78 2105
284 59 5687
306 141 9393
15 139 602
133 420 3253
251 436 4708
269 412 4149
79 433 241
437 388 5826
217 162 7573
172 255 2421
53 215 8389
361 74 2007
192 451 7645
285 157 8158
378 121 4887
489 228 1196
73 36 9149
321 495 1830
497 276 487
302 449 1858
205 203 5255
412 15 7155
53 127 6784
6 332 6942
224 195 4782
252 489 1340
346 361 1372
12 33 9639
245 9 2897
186 224 8974
227 71 7718
139 7 2731
438 51 9099
382 268 6214
386 84 6301
227 389 8331
444 496 2298
27 449 6561
161 152 3010
370 117 5346
416 139 601
45 316 8269
40 55 4506
277 240 7793
65 361 8463
376 396 9122
182 449 5420
199 349 4077
282 145 941
243 305 9994
473 219 3997
449 114 3077
427 189 2037
306 410 9515
301 304 7262
422 417 3744
215 0 149
56 153 7100
389 231 3811
383 285 4309
474 163 391
284 185 6276
454 60 3316
203 437 4228
449 169 953
153 244 5082
307 462 7709
493 300 8606
445 224 8000
471 137 1990
157 162 1074
310 191 4448
158 132 7818
48 287 8824
293 352 7425
29 341 6237
376 302 6964
366 146 4497
458 174 2782
427 215 173
322 43 5065
388 463 3560
53 116 2862
433 228 3401
197 78 2868
182 387 7627
268 92 4119
232 388 2883
351 155 5859
446 442 2523
268 55 500
451 474 9499
106 65 1385
313 490 2313
240 17 322
340 369 6386
100 401 8548
345 464 2810
10 470 2636
301 19 7384
450 3 7731
145 467 8958
11 37 1195
430 52 2419
303 94 3056
362 381 6288
195 212 9266
211 92 9800
236 488 6741
206 129 8426
370 90 8134
108 33 7033
371 194 7762
372 203 8500
77 385 1265
175 194 7812
21 365 3768
91 154 3517
465 219 4802
216 67 6809
9 93 6745
109 64 9214
143 77 5038
107 67 9183
414 157 7432
297 397 7687
43 437 5809
209 402 8058
142 167 1863
14 147 6793
457 214 5770
337 63 842
376 413 1431
429 410 4503
360 292 4721
453 161 9360
465 240 6394
348 400 6076
293 311 3891
378 458 6449
221 460 2455
318 85 8270
150 474 993
105 52 7734
329 89 4377
477 195 8907
447 47 9607
295 63 9203
243 193 7166
216 231 7517
360 181 2514
354 226 285
297 411 8309
478 349 2632
414 97 3882
440 163 6788
284 487 7002
297 320 9411
320 214 5535
251 146 8477
97 254 5610
353 47 4514
329 259 3895
180 435 4883
78 352 3543
345 187 6550
100 457 6423
258 495 6513
432 0 6719
145 311 6387
272 466 8164
459 78 330
335 343 4768
480 6 2841
222 43 5657
154 283 3980
181 268 165
141 152 9992
399 99 7969
134 79 4771
408 367 8626
428 365 2175
368 308 1962
40 343 7321
19 33 9044
446 486 4894
353 120 9878
379 475 7014
13 204 3543
79 348 5959
469 26 1022
293 209 2298
264 339 2066
481 478 6885
90 94 649
353 233 970
42 61 8122
38 283 2246
267 422 2001
326 109 1789
230 248 9137
494 304 2550
188 347 8547
297 3 8684
311 450 1886
247 96 6240
92 111 2043
421 338 4780
225 484 2606
210 201 5078
397 359 1907
269 194 5312
70 463 1881
370 394 8671
272 461 1457
7 224 1224
241 101 2287
325 482 2249
4 209 1388
144 91 6900
52 313 3163
226 121 2828
158 375 9366
396 427 3067
115 156 5270
353 423 6263
452 379 3347
61 87 7942
362 126 5595
44 38 1639
300 423 2384
131 95 4960
7 29 8780
236 59 8938
210 196 73
486 47 9388
87 389 72
427 467 414
180 136 5581
205 8 5948
169 345 7280
142 309 809
92 432 2511
184 152 5313
45 287 1390
114 422 8619
314 171 1712
426 92 9245
292 222 2651
436 161 926
254 420 565
282 415 8725
249 241 9487
157 331 1354
73 190 4074
417 230 682
97 108 3253
155 343 7821
282 91 9257
112 256 435
177 483 3432
407 105 3349
383 304 1123
339 131 3069
250 212 6474
305 493 983
255 484 5984
236 420 3128
473 293 9656
430 120 7302
374 472 5245
32 13 7008
432 195 1596
172 312 499
323 291 3631
404 444 5278
247 173 7931
235 207 2462
451 95 6069
385 169 4899
196 393 4373
158 148 3994
246 233 7328
378 131 7899
39 251 3898
48 62 7297
359 127 3719
178 97 6447
71 234 6350
39 363 2559
475 234 1894
7 322 8913
147 261 8021
304 400 8749
229 449 9965
408 231 5892
218 423 9008
148 361 1741
119 35 1263
136 78 4581
298 337 1889
372 467 5096
321 55 2527
398 498 8512
35 478 7030
312 471 9408
314 96 3436
351 297 97
341 77 8209
130 453 9035
494 326 7216
185 12 8022
306 449 107
109 0 6333
322 91 1093
135 311 6449
211 222 721
188 191 576
476 499 2225
430 70 8157
74 0 4264
188 65 327
414 151 6234
133 497 994
412 475 5266
421 285 5001
296 252 3776
185 454 4944
112 142 5160
158 280 9013
282 28 134
306 37 4799
284 281 5930
284 336 6172
118 168 3560
122 429 4510
38 141 6030
492 222 6084
391 201 3484
296 470 4727
181 246 505
21 85 2524
487 103 529
326 409 4986
109 296 3319
48 241 6792
4 299 3474
326 93 737
66 267 3445
388 55 4409
334 361 2144
50 392 1771
192 302 5694
91 49 300
190 179 7909
403 352 7265
240 31 3220
121 305 6778
497 238 980
143 64 618
289 327 618
287 241 963
355 339 8096
457 392 3758
310 393 629
153 490 4723
293 219 3372
283 42 7207
16 357 5547
126 285 489
325 267 4615
47 190 6328
149 479 7477
19 371 5153
267 95 6761
316 330 2007
16 110 9161
423 123 9864
351 202 2558
138 398 3412
466 305 9424
63 183 5887
46 477 12
145 221 3657
212 330 764
169 438 1272
254 323 3078
380 484 1095
123 386 3125
128 362 9673
83 128 565
177 64 3510
218 84 1155
349 448 787
62 296 4008
430 166 3862
419 478 5459
149 146 2441
198 110 6824
354 466 53
92 81 5232
95 36 4043
415 403 3782
330 491 3516
248 459 1893
221 323 2315
342 178 5676
309 117 3531
429 300 3439
457 140 2138
360 308 3268
83 66 6479
152 369 9186
268 216 4416
82 220 3667
483 178 4403
196 70 2253
437 331 4182
476 78 6168
350 214 5938
95 227 4296
202 473 6617
335 460 5639
33 237 3929
96 327 1316
5 382 6995
201 177 529
293 367 3690
178 39 8518
497 153 5995
301 307 5071
149 245 4163
305 226 1151
355 431 8801
325 431 6722
378 86 910
356 160 6970
467 404 3505
467 336 9437
69 326 4608
182 218 9695
361 419 9235
349 23 4846
420 43 9539
263 2 7952
278 317 1097
98 494 1338
297 80 6562
219 77 3348
245 8 3659
494 410 2513
30 151 6574
145 338 4507
332 50 9510
472 158 9915
97 247 1997
85 272 8450
89 343 3370
138 190 3713
351 77 91
160 166 4675
132 469 9701
447 117 3967
46 173 4482
138 487 8459
130 320 1158
492 126 4135
58 231 2198
451 151 299
284 452 6739
163 491 15
270 429 363
268 232 9343
155 298 5706
60 277 8306
426 457 2422
291 347 9581
372 410 9008
366 67 258
462 76 730
290 39 4303
114 69 39
425 168 8592
199 362 507
380 334 1284
227 167 1050
270 184 4875
218 281 1355
223 299 3110
326 433 2033
399 30 9209
281 130 5292
258 3 6221
156 174 2058
121 232 186
149 264 634
204 197 7417
395 110 5710
225 453 4747
395 57 7647
392 336 8777
445 154 2747
430 183 5992
314 316 287
113 39 2235
366 324 9422
1 123 1992
87 413 2582
10 467 8767
138 390 1712
488 426 9614
82 249 7971
133 162 4129
322 16 1996
391 378 7345
61 261 3055
347 299 2800
152 252 714
336 145 992
148 72 1352
211 182 4001
339 432 1329
137 446 4745
285 37 2606
199 310 1152
172 416 3268
481 391 6052
190 132 9023
337 296 1662
467 468 831
384 153 7945
181 324 8614
305 260 3684
465 423 8704
13 186 8495
212 442 56
12 299 9347
499 296 3105
316 431 7042
17 23 5107
131 483 6446
495 354 9088
26 183 4892
480 139 2572
407 161 8860
454 168 1000
322 432 172
234 139 9097
347 378 7700
25 293 1133
149 274 7899
412 216 8141
174 402 171
283 471 2946
327 144 3209
473 491 7299
13 6 4818
105 68 7365
6 118 6940
384 335 372
157 154 1990
204 65 2784
381 44 43
200 365 7739
379 195 9682
311 476 142
113 37 1073
271 131 9629
49 151 5580
119 149 9666
123 91 3246
202 59 4968
444 145 8506
114 35 4090
104 420 4480
456 150 1113
319 251 1859
94 384 5037
283 331 4338
372 162 2988
276 147 3068
9 352 5007
201 131 593
489 128 5788
497 125 5792
356 56 704
294 285 700
12 141 4639
153 173 4996
323 425 6749
446 49 2928
40 30 399
373 90 9894
396 305 3760
362 102 5473
252 306 9621
280 463 133
232 399 6719
180 289 4027
217 340 872
99 157 7459
236 484 3847
103 409 1804
490 450 1513
394 196 9714
329 342 1591
84 98 4257
84 405 139
227 329 6843
169 89 9173
404 208 1760
208 240 1892
452 405 9768
225 259 6703
228 264 8405
451 71 8811
457 210 3968
98 100 3836
126 253 9545
60 428 8924
374 448 4882
120 97 1483
287 107 1232
88 84 2532
94 101 1001
140 226 8437
310 357 2717
132 348 2256
144 348 8773
456 432 2458
364 56 7261
397 21 3749
114 450 2593
193 400 4863
91 131 243
140 203 6625
414 73 281
72 311 4865
411 279 6216
124 337 342
448 153 4799
411 443 4872
29 13 4510
392 213 8346
221 182 4320
376 258 9909
419 466 3085
74 82 6156
365 182 8077
423 387 7501
125 339 9587
100 288 1713
145 493 8460
387 352 3532
67 381 5836
441 291 1294
195 35 4964
331 458 4105
48 10 420
351 315 8153
263 86 2577
78 347 7204
233 371 384
299 22 2358
292 276 262
478 374 2049
326 368 8853
15 309 3980
203 471 1224
60 148 4468
176 62 705
318 26 2839
185 380 3668
248 305 7325
462 245 2092
157 52 1027
359 353 9459
277 67 2757
290 251 1616
295 333 7594
357 454 367
191 49 3195
135 55 6012
188 449 7103
0 327 8315
26 233 6137
34 122 8869
265 380 9428
299 104 4830
354 349 7418
457 417 6397
437 357 36
278 461 7024
455 186 1733
98 229 6953
27 359 2105
370 284 3368
14 216 849
105 25 3137
48 353 1155
435 70 8381
77 205 5093
436 295 115
105 119 87
477 153 9821
316 205 8290
119 361 2666
84 26 2783
464 205 7490
334 487 8547
377 296 6349
452 459 6676
87 393 6265
327 328 2967
218 175 5779
158 328 6806
445 301 2639
234 445 3390
371 89 6500
406 218 1075
236 222 6588
428 212 8622
12 228 4148
52 307 5530
40 460 7145
383 146 1165
426 305 2455
498 472 2986
83 401 5545
423 58 5950
371 487 3712
343 194 6806
296 300 4583
153 492 4067
196 278 2021
178 433 3788
3 189 9641
488 340 1137
295 339 1420
382 294 1297
97 382 4936
125 159 4130
346 434 5037
214 160 5899
59 62 2274
30 287 5903
230 327 7558
69 106 436
440 242 9380
93 79 4796
294 191 2909
75 489 5887
205 434 9644
446 334 7085
168 377 6243
230 319 5137
397 183 7198
193 138 9467
476 366 9968
299 209 8470
400 422 8943
462 58 3781
240 82 5936
495 226 3387
94 290 5419
91 19 8917
245 468 4030
263 445 3436
188 44 5604
181 444 6846
111 56 1549
157 308 1716
115 265 5279
262 28 15
249 2 3586
10 258 1945
112 129 1072
202 428 5499
47 179 7517
213 28 6878
206 115 7454
234 230 7476
294 279 2418
107 9 5790
233 423 5381
190 99 9616
272 417 6438
236 412 500
345 161 3264
401 405 1537
163 214 2346
241 255 5041
153 108 4422
367 454 8223
37 0 5451
209 261 3081
242 204 9440
332 229 3195
460 306 4191
182 84 6621
53 457 8107
355 283 9604
34 226 1496
77 67 6985
8 74 5847
61 21 2551
499 269 6372
175 328 206
94 236 6018
33 292 2641
205 129 1949
378 288 1238
201 31 9754
388 81 7348
229 69 1044
281 33 1295
182 274 4922
290 199 3586
452 276 4308
455 443 534
361 279 7016
340 100 7266
8 452 3256
349 170 4498
26 122 9701
383 16 2589
137 139 9964
492 378 4178
137 265 2604
23 251 5470
124 10 6817
87 72 6824
455 227 2327
284 147 5493
447 9 8384
385 70 7817
174 296 85
389 489 160
233 217 610
381 490 7477
260 498 6210
461 453 573
25 243 9855
177 51 2734
448 197 6336
398 349 8333
253 333 4682
334 352 298
442 459 1982
392 385 2634
352 348 4716
309 183 4751
462 23 1281
182 120 9311
81 41 6920
37 466 3268
24 284 2189
161 36 5554
461 63 1923
47 493 8776
150 473 4151
109 361 9977
215 87 224
83 136 83
49 493 8800
155 154 8909
196 325 776
376 61 2261
286 378 2220
404 403 8885
420 450 1659
76 495 9400
400 30 3797
55 471 7734
121 247 2062
417 101 1226
296 294 5729
260 221 3497
414 313 9342
176 365 9552
111 343 8108
5 101 5869
52 155 9353
132 249 9293
26 434 5621
445 227 6367
284 10 1978
186 244 114
386 408 4108
442 449 8869
390 411 639
340 56 1519
260 406 6661
330 112 5201
371 467 8808
140 161 30
201 357 5513
417 131 7355
444 326 7812
98 405 8044
439 29 2348
63 309 6167
97 367 9054
21 78 7733
423 281 5194
453 127 1430
30 450 7658
187 145 1737
34 203 6695
29 343 7989
152 49 295
437 485 5877
193 406 5613
264 3 5642
406 400 6352
137 113 6541
163 17 992
84 279 1544
243 400 9178
122 104 6224
278 367 8237
209 457 9523
143 454 8334
23 424 479
150 379 6892
59 365 4957
427 337 9779
130 15 2011
296 41 491
224 176 3747
442 444 8140
189 315 2879
234 357 6624
299 114 6240
148 320 8065
60 69 1159
408 144 50
153 180 7562
187 9 5880
122 214 8182
68 481 8871
242 62 514
297 438 2236
207 233 1926
369 207 4301
199 146 419
36 208 6319
376 483 2053
376 34 2440
413 488 6347
205 126 2523
348 24 2070
47 64 7122
272 469 5987
355 400 6681
422 338 9186
95 386 1355
425 114 8018
259 64 4808
159 306 5717
8 372 2572
189 256 9538
290 98 9146
293 429 3831
48 112 5086
167 347 1789
29 150 9401
384 78 6783
111 34 8722
422 113 7886
21 35 8592
355 121 1357
238 134 8
306 419 6031
379 120 9911
215 178 6778
12 123 4760
400 228 8078
6 491 3541
473 226 1982
308 350 5587
176 35 9957
271 251 7466
4 449 9570
362 466 9327
165 127 1324
305 458 6927
55 163 1372
396 15 7159
318 63 4855
412 435 6270
57 375 8182
267 282 4295
343 296 7485
22 123 3804
180 444 2650
347 63 797
358 22 899
33 254 8060
303 459 7852
176 273 3784
498 391 8393
51 341 1354
21 252 7721
404 343 4333
371 143 3678
367 478 2109
483 194 812
344 323 564
10 484 2325
452 347 2456
272 421 8862
490 55 7142
123 335 7351
478 453 3858
22 190 2668
89 215 6248
176 211 6807
404 203 4007
457 163 3654
320 88 3728
79 126 4067
56 245 5451
162 173 2316
262 203 2360
493 141 4467
150 88 9275
69 216 3259
411 359 7736
100 249 1300
474 270 5785
328 12 1114
33 265 411
181 381 1449
308 124 5442
142 19 2711
456 277 1996
221 344 2819
404 75 2664
164 436 7173
328 244 9865
342 349 4820
234 119 4184
440 361 4292
85 157 5141
164 25 1153
36 186 4487
431 297 1527
151 487 681
4 457 2232
486 290 6979
217 317 4866
201 56 1020
358 475 2569
81 68 309
346 77 3263
253 4 7657
280 83 7151
471 257 3163
371 248 8250
151 313 2242
79 369 1639
203 457 1130
307 49 4780
431 471 1432
147 151 5350
261 156 9123
201 193 189
385 42 5935
298 264 2289
54 30 3875
432 27 8039
138 383 4600
96 108 2156
191 93 8275
398 111 5046
284 178 7971
283 181 5707
142 360 2645
132 28 4199
242 18 5687
480 35 4937
172 309 382
200 116 2099
194 280 6700
45 74 9797
104 480 7820
280 128 3963
194 449 5793
147 464 7913
458 313 6756
231 319 9893
53 321 5675
54 89 7200
373 110 3699
368 66 5806
234 122 508
360 123 9430
243 19 3867
484 458 2649
166 367 4721
449 275 5133
452 461 1394
189 121 1470
187 335 4143
209 256 5631
153 313 9455
370 434 4129
182 8 8027
93 105 7483
73 296 5489
448 145 5764
220 402 3421
241 294 5114
60 181 4101
215 376 1006
70 250 4584
346 120 143
240 350 6144
99 448 8342
79 148 3338
154 392 9123
50 381 1453
131 201 3523
229 416 1878
106 96 1904
423 302 5199
487 359 2104
265 63 593
274 486 6087
246 24 5690
343 365 5824
86 221 4845
82 298 508
143 371 7716
298 182 4264
196 423 939
121 237 136
97 68 4707
428 482 818
284 253 4297
177 180 7458
136 260 9531
119 228 7479
209 207 148
319 37 1669
18 402 3561
458 53 5383
65 35 3941
384 484 8896
77 454 5850
366 106 9335
373 460 386
383 150 1119
481 126 6661
120 386 7482
194 457 4070
296 302 2805
420 86 2855
399 369 9629
385 258 3003
117 371 1547
347 84 5072
114 462 9217
70 496 1213
496 331 2180
483 336 2971
14 188 7262
313 240 9144
222 315 6335
199 440 4300
108 96 6596
278 280 1711
340 481 1933
247 30 6749
131 301 5609
425 75 7926
206 189 2438
84 390 5722
131 341 271
474 427 7123
468 424 3527
252 280 4904
484 317 80
39 374 1873
248 384 9899
34 36 8909
430 154 1247
132 325 9917
141 465 7825
192 399 79
382 193 2569
335 14 64
121 436 3027
332 52 987
115 42 1050
279 4 6463
202 315 4963
93 464 7984
137 120 4260
165 379 7313
120 88 3643
482 343 9352
296 184 2425
232 56 7794
8 3 4362
196 391 8989
306 179 7519
366 3 8400
157 71 77
290 349 7903
321 248 723
287 455 810
443 149 7173
7 460 7453
236 53 2718
341 388 2239
456 156 1016
85 393 2047
326 224 588
16 362 2463
443 164 8201
316 240 9739
193 255 6889
127 299 7954
218 341 7239
106 402 6888
87 130 4204
380 373 9630
76 22 1742
258 217 6223
17 70 5491
21 314 8889
251 313 5683
230 48 5787
126 435 9753
101 183 9959
337 253 9217
237 381 2712
488 255 6526
58 180 2328
199 160 1349
218 426 5094
305 298 9465
110 126 5414
80 82 6566
236 487 988
396 205 591
196 206 2653
327 74 5760
389 241 445
475 135 3442
150 196 7153
245 260 4435
21 335 3114
423 17 7684
86 192 8468
352 82 3592
306 219 8789
172 78 6618
386 172 6776
217 490 2328
178 293 135
58 115 5767
250 416 7092
12 128 4652
170 16 9080
288 273 5549
397 358 807
491 382 6797
147 52 5124
409 352 9141
120 481 9281
94 88 3742
285 61 1767
59 424 4736
120 489 4502
75 479 7458
449 470 4629
180 111 613
280 151 3063
239 328 8180
339 99 7675
198 6 1236
330 431 7882
416 247 5524
201 105 1029
321 299 9705
224 139 6217
184 449 5672
271 189 1243
122 409 900
222 459 966
178 145 5169
453 91 3844
134 433 4049
129 31 5655
91 23 9305
307 177 9
430 468 434
346 352 1149
486 439 8908
330 15 7593
264 106 4100
446 473 7169
387 268 3537
174 436 2530
417 399 1225
269 419 9175
49 35 5990
217 5 342
330 391 1667
343 429 2758
177 213 692
47 220 2256
93 177 3779
116 231 1346
137 138 9219
111 143 9389
303 446 8392
90 242 8993
61 283 7110
366 494 3302
85 327 9103
495 173 3130
488 441 8540
417 424 1470
498 140 3048
351 321 6957
342 247 6191
78 337 3260
418 97 29
298 397 3130
327 473 4175
189 380 1619
472 172 8603
499 381 4825
98 138 4790
339 63 2632
11 350 8294
404 448 4858
488 92 4519
306 81 1687
103 341 6115
276 436 4895
49 472 3716
83 156 3247
97 174 9134
2 404 8347
340 246 568
423 155 4300
93 101 8723
60 368 3596
488 331 9648
327 331 8616
166 233 3251
150 44 5724
331 345 834
284 78 198
494 437 7785
40 61 444
176 23 7649
136 190 1602
170 104 7164
334 240 3908
177 108 5756
313 334 9560
418 367 3702
51 332 247
403 136 1129
93 68 3781
495 102 8337
491 25 3003
287 284 595
221 370 9361
134 166 1127
20 64 6079
64 73 394
274 102 1911
440 415 8078
43 269 838
375 52 461
432 388 236
123 207 411
89 9 6987
231 28 2028
477 465 2827
395 197 6441
205 449 4555
441 256 8171
4 356 3874
152 413 9775
244 486 2017
81 429 667
419 241 4760
425 62 6853
63 394 8566
370 226 7449
149 39 6851
280 251 8970
36 7 5841
421 362 5647
187 373 7579
328 419 9579
216 34 8920
474 77 2574
379 490 9618
440 216 915
377 354 2707
483 313 4059
99 382 4157
113 358 2945
135 430 2176
322 340 9780
450 165 6836
203 300 27
113 169 4563
283 221 2472
482 373 1929
159 27 1907
50 12 7141
320 414 4000
33 494 1831
134 443 5886
257 413 536
228 316 9248
481 182 7571
371 306 4903
319 72 4066
409 164 8206
451 385 6953
480 468 9906
321 487 7675
295 62 1203
43 331 9279
26 65 718
111 410 7749
157 171 7749
51 214 6238
309 24 5545
239 233 7736
438 198 7144
128 424 2172
239 262 8753
259 379 7784
445 34 4226
135 264 3120
404 292 6508
351 464 4006
81 286 6415
277 480 6090
468 96 1627
428 86 5455
308 279 5745
157 143 3393
40 406 4250
449 9 9091
162 278 9048
66 250 7696
91 171 5740
219 73 8315
483 182 1885
219 430 8270
150 317 5915
272 348 4611
61 398 1111
250 57 7011
400 88 6027
161 37 9099
344 373 8126
457 288 2499
188 220 8551
172 247 2279
289 16 4223
98 157 3723
235 313 3134
445 214 9099
177 159 2728
319 407 2973
33 454 8699
378 99 9700
103 480 3812
134 375 7474
144 445 7510
74 258 6268
132 229 8811
225 127 2975
194 175 3011
53 35 9807
367 53 4418
259 282 6887
434 366 3317
441 403 4553
101 352 7817
273 158 6089
69 467 4046
347 402 3010
308 449 4472
348 153 7096
76 216 3525
105 48 8484
402 105 7612
446 176 7999
224 212 4005
268 6 4770
483 160 8429
491 121 6198
60 436 7790
303 148 5158
429 170 8840
57 461 5968
498 399 7664
456 203 5307
184 420 2300
82 152 6823
214 129 8900
67 488 9439
1 298 1568
482 230 4850
196 174 4295
426 468 3482
359 199 618
318 159 9952
409 193 1902
41 228 3669
277 161 4392
28 193 9700
164 262 7870
287 74 2126
492 490 102
149 438 8683
293 310 330
148 393 5235
81 378 9888
262 332 5799
157 114 9016
341 121 3580
73 226 632
342 352 9104
369 52 2815
478 448 1263
199 113
156 435
371 443
126 216
45 448
152 140
459 31
275 174
473 457
202 271
172 304
80 71
115 170
33 203
159 212
439 202
132 368
187 459
123 285
240 413
17 469
160 32
146 38
229 353
244 282
130 136
152 365
182 405
41 190
410 286
