1000 5000
697 831 318
85 281 8628
512 190 1324
110 968 2318
882 253 4088
404 158 3799
619 719 3857
696 766 7677
203 246 4652
551 681 6089
485 601 6801
400 263 5855
838 811 2639
796 113 7023
122 692 8461
310 936 8826
539 238 6160
972 243 7572
533 611 875
958 381 1141
861 358 2139
381 526 4500
688 133 4149
969 748 3524
758 540 9103
401 803 7949
685 229 5297
808 814 6667
431 667 3114
389 33 7816
616 560 3927
116 993 3444
901 486 2754
492 128 344
161 435 7091
64 174 1858
624 816 3538
348 45 4125
287 704 6313
637 965 7002
49 14 7793
107 596 110
491 561 8060
265 166 45
563 473 9246
325 538 9117
122 401 2671
749 740 4961
855 199 8140
651 389 6856
209 539 213
507 42 5435
995 939 7996
439 651 5826
563 763 9689
560 390 9755
700 490 3425
946 796 1465
169 810 4255
687 554 4167
924 210 4845
698 7 7912
113 1 9260
534 835 777
440 459 6477
89 237 236
75 198 2545
95 996 8728
333 366 3806
486 101 80
876 103 8359
339 587 785
79 603 4523
653 265 3955
240 612 687
513 430 3105
811 89 3508
260 823 7976
175 177 5725
250 917 3052
576 817 5559
573 364 5383
202 786 3166
46 842 536
116 985 7852
887 250 1799
541 202 557
26 915 225
89 755 5469
696 293 2805
604 702 6459
952 231 4151
743 865 1665
135 117 53
140 136 7144
611 272 9205
56 118 9487
942 543 5299
681 540 1076
232 365 9187
509 613 3783
468 729 8108
295 138 2815
885 500 3020
811 119 1422
546 189 7431
407 359 2667
470 685 3995
683 903 5204
723 33 6458
182 505 9602
505 722 7107
974 532 8673
274 620 7304
217 293 2087
353 782 8593
62 494 1549
893 501 5857
139 599 2825
974 930 2714
4 841 3385
680 386 278
919 813 1486
590 725 7412
73 838 9293
543 340 3076
568 419 917
462 545 6048
899 14 9620
728 184 1085
944 660 2449
56 130 8136
115 988 4426
361 1 7729
891 385 4359
72 736 6200
86 33 4887
145 924 2575
812 612 5699
36 104 667
973 149 2109
931 773 5524
330 156 4408
385 852 8157
351 300 1090
128 312 7228
951 23 5585
645 366 6017
812 162 9279
111 259 651
727 242 2646
420 588 6588
327 140 3475
897 959 7106
223 656 7094
306 427 5347
519 570 8422
556 93 9688
472 228 374
670 364 5801
877 635 9877
603 43 6708
941 4 4791
938 801 1352
30 241 8039
184 749 9749
264 78 3118
294 396 8722
618 404 7405
590 761 3457
201 865 7802
340 198 7876
782 909 6702
578 595 5442
439 49 1042
639 4 261
242 46 7707
348 957 649
935 781 9911
331 840 7260
241 77 9924
41 822 1056
455 335 9929
546 195 4495
507 615 2302
395 382 8546
17 356 1299
161 974 8809
923 786 415
876 582 3687
644 275 2959
660 40 5490
510 823 9026
233 112 217
608 77 1599
663 262 1763
524 118 6052
163 885 1419
271 747 5015
637 333 8110
76 903 9129
216 37 3888
155 699 5925
942 920 6039
110 129 5105
671 762 1160
529 893 9695
515 735 100
301 355 6727
182 75 8521
878 855 9159
31 501 7462
668 788 4546
469 67 3990
403 679 3079
842 563 1265
265 562 6397
475 602 8232
317 740 2031
336 45 750
536 60 5705
607 856 7350
817 542 125
729 104 9521
336 120 8226
53 822 5606
906 288 3908
24 233 8764
253 710 3833
251 956 7398
255 735 7689
725 137 6884
778 834 5156
652 193 3011
693 233 7583
778 913 1100
888 323 4722
986 120 1721
661 828 7385
104 176 185
674 18 5056
292 486 8948
522 818 2412
40 917 9098
796 151 7021
451 495 5829
67 225 8190
26 560 9234
266 414 6886
725 326 6887
603 196 9967
657 271 5437
727 691 8967
675 639 8702
292 794 2008
110 22 7489
849 969 8126
819 356 4207
200 975 4332
249 172 6302
423 750 563
53 639 3619
223 265 6685
989 565 564
497 864 3451
166 974 8778
797 948 8150
691 794 4101
162 822 7785
928 677 5963
118 540 687
427 764 1376
549 861 7493
199 433 6721
522 734 5272
246 457 4541
423 580 8059
62 688 3255
396 569 8403
25 313 3423
126 35 3641
356 898 7386
159 274 5111
983 638 4557
292 420 9025
487 810 7257
939 295 5230
712 778 263
259 123 7160
287 325 2320
366 339 9074
586 359 9223
23 631 5332
332 438 9935
712 549 3520
866 463 1702
518 558 6268
112 683 7459
356 595 6074
696 12 2272
393 989 5051
792 569 1609
426 102 6604
794 56 4709
221 638 646
961 927 3189
363 558 2989
482 837 3386
501 508 6767
52 382 6366
59 744 4831
565 414 731
478 537 7603
754 237 3555
877 725 8732
520 832 5481
901 129 4260
157 835 5932
95 290 7937
536 305 1440
554 877 4863
716 558 4158
263 207 8087
994 428 3646
356 997 6745
802 804 895
299 876 35
232 841 2145
447 976 4454
259 47 6023
127 103 3724
1 408 8664
666 378 9616
887 927 9222
364 12 3435
203 662 9853
311 156 132
796 885 6086
173 377 3927
109 879 4686
355 900 1532
566 692 4965
327 228 6081
760 528 7638
934 863 1791
487 932 742
873 656 8403
818 852 9936
27 711 3739
54 710 7563
525 65 5361
106 284 1363
257 93 5865
7 379 8489
493 519 8577
233 282 3573
442 449 7655
259 239 5114
257 540 9745
636 451 6340
605 978 1983
751 943 8123
520 325 5370
310 713 5576
957 463 8140
956 686 7802
327 36 21
928 191 9105
761 524 8983
725 366 4275
608 790 9122
100 805 1130
119 279 4014
782 348 6617
164 676 9249
66 572 9618
957 488 9786
295 854 7850
979 943 4423
377 350 1400
683 451 5034
594 270 1242
495 927 3484
400 299 6028
145 197 487
157 579 9634
462 457 6548
370 416 5989
363 221 8081
343 493 9872
651 305 5508
899 977 7031
169 914 4198
700 607 4676
165 258 7614
966 794 3191
1 583 2281
955 616 7486
848 642 9886
68 195 8836
605 1 6357
897 810 7121
62 302 2536
940 686 9224
833 352 5478
330 437 7913
561 74 191
349 133 6678
730 554 3116
636 59 8993
318 120 3848
641 610 6477
806 79 373
551 657 5402
459 710 5273
298 714 7298
670 382 7307
910 399 9008
994 886 4540
243 126 1749
492 690 6728
20 543 7433
344 618 7664
903 29 9102
690 777 4465
572 865 5836
941 867 7318
879 760 5087
912 598 9231
186 301 5244
383 955 1210
929 305 4630
591 873 1269
558 886 7736
842 343 4224
18 803 3275
240 650 6517
917 489 5043
632 418 2837
854 948 4528
63 61 8906
143 4 9562
263 64 9005
178 978 5404
427 600 7750
721 795 8310
114 30 1317
59 136 5132
720 77 2776
85 9 8380
12 537 9755
639 992 4185
792 418 6604
13 956 1810
698 200 441
150 576 2427
435 727 7340
151 975 5488
946 264 513
127 380 1389
617 206 1022
870 955 1684
4 308 3283
896 280 6197
247 92 9217
119 333 2288
385 972 7826
600 767 6325
491 858 1098
190 157 2512
684 539 7816
221 745 8343
3 806 6451
593 23 8633
258 968 4122
538 563 871
484 863 1977
311 674 4112
551 695 2436
447 812 1632
780 756 6611
379 801 3939
950 507 4479
811 700 6577
234 350 2829
173 849 1174
991 418 1199
674 961 1262
534 549 5262
410 957 2006
570 568 9744
883 818 4044
704 711 9168
431 506 4232
169 795 2127
905 63 7524
220 266 6403
137 663 3642
251 162 4913
608 272 1553
783 889 1996
179 468 6720
501 80 6190
730 258 2952
630 285 1190
314 315 7712
473 596 3580
119 291 5775
529 481 3223
814 123 8778
907 606 166
500 870 2023
49 117 8945
422 32 7557
359 829 8424
745 343 6570
532 420 8053
902 860 9965
177 513 1633
950 30 847
867 142 9229
19 656 922
668 383 5630
324 81 7595
861 635 2405
756 882 5743
446 893 7096
669 979 3556
235 820 9572
115 65 8630
42 969 6828
293 21 8439
361 463 9069
809 77 5072
720 1 7387
249 786 9332
910 341 418
536 67 7449
158 767 3040
411 609 1404
39 708 7351
789 673 5648
830 760 3181
827 738 1780
40 470 2347
220 874 8633
553 30 6691
817 531 7343
945 668 4673
286 468 4701
954 64 172
835 604 9452
983 691 3249
197 205 449
520 302 9948
922 413 5366
205 677 1766
286 2 7694
788 892 2915
732 476 4401
460 595 5074
559 197 8059
400 411 9035
747 404 1269
554 802 6237
461 321 5297
296 290 1879
594 384 3770
588 573 2857
839 822 3783
606 105 7864
364 656 7154
175 901 3222
246 341 9962
645 185 9437
158 211 4566
634 846 5569
586 793 4038
532 721 7882
347 909 3795
89 636 2814
813 135 786
281 367 3258
654 423 2573
55 219 5659
655 713 1667
44 764 538
563 297 209
791 315 9505
303 184 9973
999 357 5012
209 838 2705
354 381 3133
407 554 1475
999 565 6404
961 870 8780
349 591 1447
841 902 4280
933 566 9838
204 758 3890
682 822 7577
370 800 5725
176 410 9811
482 133 3819
241 138 1176
155 351 4599
651 661 4830
398 272 2302
668 393 614
399 513 3380
631 877 4138
520 256 4364
877 617 9720
432 272 9179
362 109 2812
758 155 1654
717 262 6998
166 797 5250
237 968 7537
273 598 6921
285 94 2077
469 922 7641
147 637 3196
633 699 4959
398 101 8806
245 243 9840
312 863 1326
344 279 2373
732 108 4214
630 415 8963
337 602 3797
881 4 4420
138 115 7033
923 561 1231
603 571 1919
640 244 5162
260 89 4384
674 826 2101
884 964 4936
237 822 6796
388 184 6458
861 386 7911
953 560 159
636 984 5677
177 926 3140
559 89 7204
179 559 6238
839 616 9292
614 786 482
872 510 6283
738 769 6370
142 500 3536
696 840 8056
792 332 1005
324 614 5503
361 935 9716
69 144 2503
507 68 5383
739 399 2723
497 378 8254
285 969 7741
581 760 2368
716 62 7627
338 566 315
374 13 4981
825 558 4747
176 962 9228
994 571 7731
581 811 4529
157 70 7754
678 321 4210
477 749 1644
817 431 753
510 552 3694
230 137 8297
756 182 9077
548 24 442
951 552 5129
365 851 4496
604 963 646
422 701 266
123 827 2835
567 321 4052
18 642 7617
691 940 7178
965 762 1076
417 904 9544
407 158 5710
657 204 596
404 613 2515
132 9 8267
900 743 9915
571 703 1938
142 265 3473
986 359 5923
71 64 2270
615 676 8400
244 142 2051
956 38 6866
66 455 59
689 78 6929
751 604 5227
832 228 4130
676 874 1270
813 738 8865
136 511 3572
378 950 7656
408 71 2771
735 463 5854
890 101 1990
466 961 6289
952 6 4283
319 391 6389
307 554 8039
665 953 9300
294 671 9482
858 687 5033
311 91 4427
197 597 7572
944 311 3533
629 547 3960
825 506 8592
131 760 3134
944 443 2550
383 42 6205
607 492 1663
344 980 7557
772 398 1816
608 243 676
3 584 2593
170 644 6556
653 229 9991
343 588 8336
776 949 8408
513 954 1570
599 541 6229
766 689 2271
770 572 5493
364 940 2096
953 670 6880
242 716 3141
89 285 4354
996 37 140
125 634 3221
895 424 3064
844 694 348
32 115 8253
20 851 9838
588 727 34
630 247 1670
933 652 4069
301 751 2618
181 576 1313
903 668 5191
481 451 4030
675 258 4711
264 143 8790
171 249 8078
623 155 1035
277 404 6134
237 56 8300
662 496 8727
751 865 3463
329 31 1125
757 954 1507
189 408 5351
237 371 6044
84 981 4642
867 751 5467
686 568 9831
930 312 3336
799 619 8937
643 336 1676
413 616 3132
546 121 303
10 404 5722
238 410 9757
567 65 4437
435 547 3052
250 350 8479
718 652 107
997 881 8972
808 637 6618
274 86 2005
3 773 8082
262 945 1767
103 741 9213
560 966 3679
870 402 5491
714 982 1425
383 678 8702
966 520 1995
234 783 739
620 712 5042
352 626 8856
588 863 8156
494 702 7780
886 543 7889
114 380 5905
417 331 3531
697 247 7855
961 244 869
743 907 1205
265 916 92
955 954 4417
514 274 5796
591 826 1989
853 576 5679
201 17 1910
142 353 788
245 12 7703
352 223 90
272 572 232
93 696 1019
778 958 5471
527 939 4253
32 404 3373
245 628 234
29 188 6279
702 446 6397
634 931 6501
88 218 1622
633 204 2516
170 770 6630
786 392 3568
998 815 8292
77 825 1798
53 7 9704
616 486 160
109 440 1518
484 693 5801
440 591 8215
873 957 5815
233 264 8803
411 770 1298
123 283 1706
980 523 6321
673 800 6904
924 521 8968
568 230 685
488 388 483
371 231 8752
484 488 7045
314 937 1937
249 497 482
795 484 9499
732 922 4678
528 359 6215
718 170 8595
818 329 7681
790 170 6804
199 88 8762
581 947 5371
277 807 106
780 751 2742
800 399 49
825 271 4960
392 734 7808
978 119 9902
355 959 7334
218 513 9701
522 384 8759
370 213 1042
766 326 9172
61 410 547
299 947 8507
461 245 3633
791 909 4365
290 519 3494
780 286 4537
358 121 4699
806 132 6917
860 556 9851
777 920 579
179 220 6663
615 670 6483
241 924 2881
902 828 9916
387 479 421
794 773 4734
867 1 5485
414 257 2178
33 451 6615
29 54 6355
949 382 4625
259 68 813
179 36 4930
778 235 6173
36 5 7490
932 345 7217
213 539 2403
383 312 6176
706 607 1572
523 994 3689
404 730 2402
359 462 1160
245 639 7427
907 306 4314
291 366 8475
560 938 9950
680 708 3877
617 705 1439
449 529 8674
202 632 1570
998 105 3127
399 750 7883
717 410 1255
137 776 6637
654 317 8135
552 976 5214
848 599 5228
817 450 102
800 242 4785
548 457 7862
950 793 4678
615 913 995
422 478 5937
684 603 9499
67 116 4912
965 938 1423
135 555 2995
509 966 5880
169 441 3510
663 38 3013
631 78 5319
885 645 6992
398 680 5040
564 166 7438
439 280 7061
349 819 8442
899 214 4668
504 635 540
44 976 792
189 528 4149
818 268 2909
996 422 4688
232 30 9521
511 960 6259
329 316 9814
833 538 9536
550 895 8923
995 532 3352
485 528 2055
64 403 5421
720 95 7815
764 603 1324
207 110 3277
827 594 3776
39 999 6176
401 98 806
49 245 7632
465 517 7749
555 495 3910
147 775 3263
318 132 3445
193 32 5046
435 975 8693
470 661 4351
684 300 2275
151 193 7036
774 73 3913
681 204 6446
198 717 3166
745 37 7373
45 341 4692
527 853 7281
375 185 6315
796 146 3709
143 159 8709
960 434 445
543 857 4589
591 241 8907
300 942 9294
847 210 6215
85 445 299
330 470 3475
685 833 1043
42 350 6419
930 687 8234
636 925 790
666 801 8311
99 549 2890
551 949 6766
648 252 9714
805 965 8764
170 60 3033
147 307 4348
762 871 1888
210 87 6572
354 417 4982
398 618 4610
590 425 8403
251 136 5326
839 499 6298
998 530 2099
679 261 4138
181 933 8538
347 500 7771
209 817 2195
744 488 3071
863 361 3616
674 427 9139
703 262 1510
468 49 4831
459 278 2145
699 148 4589
457 534 8989
703 414 6315
611 520 6303
275 536 6064
654 613 6586
588 788 101
988 322 6710
432 323 3387
632 973 6244
67 398 4699
816 511 8570
173 793 7624
104 931 694
261 648 6951
114 769 3477
577 25 7601
721 545 2784
134 525 5108
859 808 3461
105 92 5318
233 919 4853
301 306 7857
428 772 6578
461 560 3238
173 818 9041
168 246 9289
910 216 9284
214 467 1893
349 963 8700
265 959 942
949 374 6355
588 604 8427
194 508 324
126 890 1204
200 906 2573
695 24 8279
738 465 3917
465 457 2892
176 860 8269
861 460 2734
512 278 443
607 558 6403
473 387 9171
535 329 6871
602 682 2962
193 42 2558
428 441 5959
310 260 1695
879 614 507
200 624 9883
641 762 5838
430 123 6169
969 915 5477
86 381 332
84 523 913
465 424 4312
329 118 9170
675 440 3652
1 963 5709
550 971 2756
978 554 9260
922 431 1215
25 751 4936
936 835 548
882 544 7660
332 141 8837
10 712 5279
838 119 3891
48 437 5451
322 167 9359
987 132 1678
879 494 5100
555 424 5129
52 814 8432
256 633 1936
917 462 3369
491 807 5042
346 193 1498
10 260 5494
985 768 6773
906 91 6896
19 121 1782
505 145 5247
735 497 6701
342 929 5568
560 274 4671
193 331 3546
926 20 292
235 352 3540
307 856 8949
674 485 1256
247 846 3645
474 946 9431
739 14 5442
694 284 1116
749 443 5972
123 935 7759
303 653 5470
731 786 3345
367 53 1647
539 89 3942
21 849 9314
715 47 3500
828 185 5025
475 716 3976
825 949 4697
241 254 5064
363 610 942
733 951 4277
824 842 3319
180 944 6151
931 407 4521
881 950 9893
74 506 8961
724 54 5522
77 147 547
858 926 82
547 902 2733
664 713 2081
412 937 235
429 715 3117
605 421 3410
739 569 9600
825 415 4647
7 597 5395
596 935 1204
723 843 4560
204 583 8632
369 610 5597
99 886 1769
656 690 1113
208 579 4466
275 778 1207
345 311 2047
65 728 7347
268 458 3244
842 280 5485
216 575 8775
535 811 9323
112 531 3454
904 864 6355
629 787 1102
313 153 1687
67 974 553
965 231 2517
838 933 5552
551 976 3085
643 532 6323
27 393 3411
408 89 4408
624 201 6972
198 0 7771
913 24 1825
161 811 8687
615 783 5916
937 706 4776
881 208 9902
202 784 8525
112 487 8408
583 855 1990
442 361 3759
918 259 4604
843 670 9618
653 918 2676
608 991 7431
374 50 411
276 574 2862
877 633 6252
588 883 8852
515 76 8964
425 874 5592
494 403 5251
211 102 8514
50 801 8467
964 279 2894
235 969 9911
886 268 9799
938 781 7419
938 67 9557
948 740 7343
86 728 4639
391 400 5974
39 601 6530
691 141 652
888 544 7394
541 152 3386
630 459 5994
313 671 5489
579 447 1723
694 312 744
843 246 3913
866 358 8855
211 947 9824
883 516 9591
73 526 5286
813 558 886
866 470 369
503 390 5174
655 596 3190
65 571 9781
928 726 8202
19 589 4866
856 6 5156
138 830 9924
893 332 3981
509 478 3826
751 288 6827
131 596 6384
910 34 6324
592 425 1295
97 737 6702
474 604 4449
915 893 6814
581 298 380
115 552 4217
25 389 1216
580 121 1251
388 728 5858
525 470 4876
336 727 430
40 85 4476
279 666 1912
45 952 607
286 78 3264
313 886 9838
175 632 9135
965 254 1029
680 428 8392
952 346 7269
655 116 221
158 943 5789
516 375 9473
793 182 2020
378 868 4546
12 235 127
869 467 3911
529 99 3251
854 813 6878
953 756 7693
393 298 5524
717 970 9597
441 71 8570
770 249 3094
684 524 5658
145 641 4005
712 262 4911
447 53 6571
317 329 3428
398 521 6080
266 463 9423
26 74 82
725 854 4836
705 138 3414
851 271 4529
512 817 7124
246 346 8797
554 227 4404
877 485 4342
825 529 9582
368 961 2303
647 883 4033
890 349 9498
982 908 8087
854 254 635
362 703 9235
553 108 3583
82 412 969
460 51 5308
290 597 2039
597 908 1716
213 40 3935
166 431 347
378 998 4404
950 672 2800
372 407 6696
152 386 1534
818 883 8760
197 412 5595
29 26 4774
31 202 5149
571 339 4840
352 843 2360
943 200 3212
190 429 6730
628 281 3055
558 857 2075
484 996 1580
691 235 8835
807 917 5461
38 693 8901
306 110 461
687 961 7128
495 544 1418
503 759 6228
55 408 7470
754 436 972
945 463 4205
344 153 7279
131 665 5996
947 203 6290
271 618 180
644 886 7466
210 778 3823
596 715 1166
798 509 6506
178 486 4738
461 499 3737
126 623 9494
669 201 632
906 830 6375
987 275 9712
50 578 2572
873 932 383
3 276 1979
669 88 5821
902 117 9834
358 708 9720
162 897 6908
854 676 2131
468 338 6820
210 856 4878
304 67 5981
925 48 4770
423 470 6841
388 539 4969
86 2 446
124 403 9477
604 346 8259
825 116 4919
3 449 4515
159 279 7995
523 78 5591
684 174 9251
945 548 6379
674 389 1296
580 822 534
992 349 6305
780 140 2723
8 852 1026
897 607 9693
348 385 7712
844 645 2347
194 11 3489
102 961 3185
449 607 4849
334 544 7843
555 73 8969
561 640 9915
671 3 5910
813 300 947
105 932 6991
790 900 6985
992 702 5268
999 782 588
537 933 5741
854 303 8156
784 441 383
110 824 5638
590 897 8491
218 704 7694
812 747 5391
128 509 9234
101 185 1363
693 737 5059
335 501 9506
747 843 8985
823 396 9806
527 531 2889
590 890 1379
367 543 9199
964 935 4475
954 8 4916
656 453 2030
388 49 4341
355 111 7609
446 349 8600
481 653 5377
408 242 4321
459 451 6005
314 84 4729
735 102 7242
628 625 5734
147 247 3657
287 106 2182
275 136 2124
646 830 2665
467 296 4261
399 656 4465
929 764 8912
141 632 7059
546 508 4102
757 129 7146
412 823 5209
929 424 1053
676 647 3168
742 23 3502
614 349 954
969 24 2919
547 783 1980
339 641 3271
914 502 4135
547 85 3732
269 497 4095
234 547 1097
769 120 8727
396 315 4360
455 0 9921
134 587 9583
753 872 9770
10 832 8766
815 77 9790
584 702 6564
300 211 1730
338 43 913
438 28 4950
329 861 7899
854 620 5388
321 54 6944
7 334 5135
681 136 1930
493 326 4887
515 461 5520
473 518 6068
870 720 3411
399 709 7315
779 776 346
778 65 6137
478 866 4586
87 534 6980
100 867 8414
682 2 8421
248 681 467
924 928 1452
98 135 9678
360 733 9694
492 834 9398
845 901 9488
396 740 6638
650 846 2215
187 783 9291
282 514 4331
449 22 6059
145 607 7471
29 887 8621
690 166 9577
981 529 4778
402 698 8734
773 30 2090
824 977 345
732 564 4104
488 379 3470
692 381 963
302 733 6535
568 734 4441
301 230 7099
843 529 3460
891 387 8295
559 380 4704
854 929 7908
488 817 3894
813 658 4574
498 820 5681
193 505 7386
112 333 4425
372 739 8180
482 234 7292
559 811 7136
9 568 9942
621 287 4233
493 370 4405
650 215 8402
177 579 9650
586 997 8760
969 510 3914
715 449 5946
763 501 9810
405 939 1306
460 401 9150
875 819 4412
337 398 7944
380 658 8822
33 19 8406
733 469 9386
39 431 6273
351 431 3822
72 611 7263
29 78 1755
480 253 9663
295 653 1703
536 674 7851
468 382 7325
687 294 1506
787 435 7369
353 720 6618
687 373 2387
433 499 4915
82 466 6644
543 780 8182
506 691 1431
160 288 2191
923 993 4137
474 676 2770
442 258 7221
401 249 3614
374 558 2477
283 643 3757
380 483 9031
28 156 785
178 515 888
412 261 4
234 532 2808
499 765 5900
511 541 2240
694 715 7023
24 619 7620
154 591 1410
73 956 9011
443 861 8341
583 178 4835
109 905 6115
887 123 2630
660 689 6614
39 852 3236
161 427 2193
505 463 2344
430 733 4568
693 527 3980
228 158 3089
754 224 8954
547 602 5653
477 188 7333
204 298 7565
279 973 8493
998 700 8593
8 749 8071
265 113 1890
648 25 1441
858 180 7940
701 828 3413
645 912 3558
321 982 9382
745 954 9523
844 245 2695
546 30 8413
90 212 5794
519 978 5070
183 324 8833
175 46 1798
10 543 612
752 617 8381
575 461 3330
569 244 8603
825 185 8783
727 155 9220
339 815 1605
108 737 1550
260 839 400
626 300 7321
22 736 4423
875 170 3602
559 291 7519
324 352 8098
91 422 6256
517 74 9677
394 847 3639
894 922 8027
89 835 9191
165 465 5057
876 456 4193
118 517 1607
75 738 9314
249 865 2902
82 470 9610
541 268 966
492 260 8130
147 854 1698
297 288 5523
856 964 3756
447 462 540
125 568 1889
636 96 4545
388 137 2652
886 26 7356
816 678 9364
484 464 1991
215 462 6215
236 883 8188
835 191 1255
110 996 8271
365 97 3428
954 298 9579
268 524 9761
977 989 7022
773 264 4697
821 324 1083
352 166 6416
281 408 3118
484 333 9346
826 599 3581
419 705 2914
691 944 273
901 955 1754
970 696 1052
238 711 6812
37 166 6475
137 566 265
656 457 5466
939 628 5835
915 43 7239
449 906 3270
434 103 6325
615 284 6674
889 863 7576
547 28 6479
962 272 1937
426 697 2746
682 355 9987
568 986 7054
386 666 7159
788 942 9843
221 383 8810
919 689 1135
525 455 1910
660 535 9824
167 262 6297
171 19 9208
684 870 1215
424 476 8065
528 269 4863
152 424 4766
114 900 9531
107 237 277
492 633 7098
752 120 3664
293 183 2758
208 103 239
817 239 1844
774 612 3898
479 946 2891
806 124 8742
400 453 7036
970 179 1046
157 283 594
658 266 5302
23 517 6975
461 996 9327
919 327 8572
968 297 9959
634 957 637
763 450 5160
691 802 2111
75 524 5224
625 637 2246
791 700 493
340 475 7103
137 584 1549
313 933 4175
398 292 1879
347 261 5131
679 501 4170
604 606 2067
996 131 8661
628 187 3742
937 845 3109
280 524 358
206 595 3891
386 426 3148
842 397 1876
170 970 9817
522 296 8440
312 714 8973
519 895 8299
27 292 1863
366 582 1066
462 296 4195
839 782 7114
551 341 3180
40 22 6654
2 969 2585
620 572 1477
934 859 8295
802 580 5784
851 214 3389
1 950 8571
590 705 9151
442 938 2120
323 635 6645
314 820 5888
265 37 1575
819 365 7336
486 218 4010
864 617 6255
510 739 7352
710 187 6768
165 980 2048
716 541 6982
917 423 2251
965 570 1121
336 369 1403
646 600 1267
738 274 9396
528 521 1882
277 723 1969
972 328 1411
89 151 6337
874 985 9509
131 187 7879
33 773 1803
119 306 9465
754 125 7065
349 615 6048
144 816 9559
245 951 1002
773 946 3147
932 842 380
650 713 4980
238 426 8864
961 19 670
156 185 2674
197 2 730
558 769 4650
248 941 2579
45 24 9502
92 977 654
808 452 982
105 929 1380
107 361 6405
567 36 7096
622 392 9231
645 301 6883
593 549 2622
953 558 4149
396 863 5575
744 132 4736
938 844 9966
799 882 9428
580 797 9059
692 315 2731
988 450 6182
58 449 538
906 232 1642
742 893 1629
993 199 7751
38 68 6007
743 628 3699
592 874 86
453 689 7488
152 76 7996
545 60 8390
35 185 4754
89 927 1175
184 28 6785
215 640 5879
944 157 5179
701 772 3424
248 724 3258
196 204 1352
283 597 3295
63 51 7723
770 703 2883
348 937 4984
439 968 5518
984 357 5426
658 505 1846
197 59 7463
50 10 4359
680 939 5059
934 495 4122
539 305 9857
987 896 1588
709 555 6662
201 830 9674
728 493 3942
529 732 2295
918 249 1589
827 209 9028
588 298 518
848 84 3084
965 150 7639
935 558 2467
205 603 5349
431 450 5217
723 84 9096
777 736 8730
456 551 8733
480 899 9318
135 31 2307
37 231 1189
864 467 7718
291 255 3751
375 91 4808
648 55 8973
144 326 4173
255 116 7142
404 322 8745
676 472 551
412 594 6826
298 491 4742
469 416 5354
399 550 8267
356 60 5285
755 87 1476
895 813 2649
961 460 7071
357 564 5135
885 67 8664
340 638 5689
311 514 3183
301 494 3695
338 522 6260
324 16 6745
768 357 870
499 888 7636
348 943 9561
281 337 6350
817 604 1631
982 939 8702
575 295 4460
867 636 864
155 73 6490
60 631 4439
972 767 4146
855 574 7960
289 64 4698
986 881 4428
964 483 7779
54 686 4724
561 543 9998
698 812 7805
865 703 8028
980 578 5445
623 855 9309
765 606 6111
832 561 3462
248 43 3662
603 839 8627
30 657 1276
41 718 814
809 955 655
792 44 2913
995 357 414
550 19 4235
713 461 8490
93 85 429
238 973 6776
292 763 7073
92 230 7920
678 707 3941
268 134 6082
883 506 5646
410 778 8641
594 279 9416
166 327 9261
683 936 5180
280 919 8906
933 832 3087
507 74 9181
994 742 2082
573 120 4405
56 436 5646
468 133 9502
890 885 1469
869 77 1187
79 895 2163
483 718 2233
580 842 259
76 166 271
789 717 6025
343 521 2760
628 194 6518
720 6 3005
629 997 2052
813 313 3144
555 114 6699
147 825 879
385 893 729
96 954 369
236 961 5809
444 622 3772
976 489 5364
293 424 4808
585 664 6244
413 409 5002
815 875 7182
117 492 1521
550 672 6246
582 102 320
519 18 98
109 412 5760
566 49 9343
381 35 814
688 876 3041
589 75 8545
919 91 9787
611 750 709
620 953 5679
168 663 7196
777 94 8094
1 423 5807
734 352 1410
230 311 9818
579 998 6187
12 530 6244
735 772 3088
214 671 1848
313 306 3180
556 161 3071
411 117 7991
187 266 6558
887 466 5845
961 400 7768
866 724 7171
852 479 9009
994 569 5718
640 264 2760
544 802 8456
427 706 6890
275 163 5659
340 896 7169
139 762 4862
652 863 7603
82 944 1380
916 834 2473
360 995 8825
693 678 7113
584 966 4552
489 559 3700
996 533 3915
329 224 8444
350 361 9390
106 658 2892
989 937 2566
100 437 9663
687 639 3916
198 753 4495
544 121 8469
993 571 5672
143 931 5926
158 896 6007
485 122 8575
150 818 3721
36 729 3040
551 698 9258
739 128 1922
428 771 8270
917 204 4276
3 831 2810
695 860 1601
906 556 5264
135 950 9609
589 784 2961
979 493 7589
818 48 9935
419 537 6483
656 229 8103
171 187 6163
172 592 9336
75 9 2886
41 796 4392
932 314 3947
500 181 3790
419 774 94
912 628 9812
560 256 6495
382 752 9913
794 940 2305
908 809 9358
751 768 9919
601 240 1076
319 587 2173
101 768 6070
144 719 5013
257 875 8192
163 47 314
373 653 7874
970 103 7724
132 650 4015
325 632 9943
713 487 7034
615 707 7497
597 568 7290
160 22 1953
756 939 6176
988 584 7308
774 3 1339
800 602 2632
436 189 7559
102 121 9726
753 77 7923
415 382 8971
215 132 4480
891 347 6220
33 318 5531
182 45 2513
436 673 468
815 922 976
649 388 3996
530 748 1301
507 842 6951
373 314 6263
492 762 5432
498 772 1101
840 825 166
619 385 543
93 243 6515
735 213 183
517 2 7717
501 450 6439
656 747 5195
176 840 8247
13 438 2510
802 451 6989
706 567 1493
418 815 3608
627 407 1898
991 36 1404
875 682 7584
102 206 4411
561 736 6942
675 343 5641
985 543 750
983 377 5407
779 381 7965
746 792 2941
848 308 1406
485 595 3744
798 378 7352
517 261 9889
208 349 5874
126 611 2371
95 798 8245
295 287 3287
539 227 6492
342 609 7333
315 9 732
316 228 2972
263 129 1213
564 430 3182
405 102 1892
69 711 4588
719 417 4995
55 165 8332
93 903 2955
229 187 1433
878 738 5628
94 483 1526
586 556 3521
597 31 7818
158 334 4888
164 627 1615
102 258 3126
185 942 2365
289 355 8108
320 787 9800
415 216 7929
495 886 2673
946 868 2753
604 851 4218
751 378 7995
220 221 1677
669 111 5955
382 730 1224
794 447 3530
707 560 9367
228 636 9667
515 173 7578
255 825 2380
743 588 6490
540 694 866
564 586 894
570 45 8649
917 689 4634
299 118 3173
304 417 356
179 294 1334
776 542 1904
768 275 6576
951 174 7056
663 275 7380
609 67 3592
713 417 3786
368 939 8908
856 297 8336
305 600 2644
501 507 4548
439 634 1808
436 371 6919
100 808 5976
99 285 9665
592 215 9696
234 586 3067
383 946 7969
932 790 9426
22 966 9742
443 851 5585
80 504 9538
898 798 5894
762 821 9194
173 381 2364
272 459 6510
372 214 3616
653 365 9586
969 48 8552
522 79 6810
516 403 6810
916 649 8799
427 701 8077
273 741 7472
153 896 97
260 77 4408
371 148 7406
861 602 9579
499 63 3508
770 824 844
577 875 6703
496 208 1420
668 283 9168
174 319 4071
811 178 4411
255 991 2107
783 760 7006
903 176 6121
535 655 2977
735 852 704
897 85 4022
564 244 236
773 411 1340
666 719 6400
881 76 6485
33 917 6172
429 332 375
53 884 3304
385 793 6752
775 180 8007
82 100 318
990 991 7960
976 158 1081
938 961 6984
841 240 8736
217 590 133
210 460 1632
74 998 5690
439 922 5619
992 327 228
57 1 4456
960 145 5290
888 174 7895
60 63 6840
166 95 579
665 96 6749
828 213 2935
727 457 6497
310 249 9155
708 189 5997
595 81 3830
766 566 2438
272 229 2546
181 752 3507
996 133 5717
14 644 1921
9 129 8112
192 480 6788
323 776 2230
164 741 7114
481 885 7874
839 828 2035
156 661 3642
554 737 4651
121 650 3297
819 52 2373
332 216 6951
430 297 6142
464 377 9216
537 959 1812
266 546 5613
827 93 2266
604 765 3270
157 156 9340
849 755 6862
404 591 2941
356 414 8919
615 945 2220
794 576 5470
373 266 2975
793 434 3866
393 894 9646
48 638 9835
317 163 4948
757 30 9103
542 785 4605
419 907 8351
94 566 7663
979 145 1481
914 705 9248
665 13 495
245 746 4550
558 771 27
253 902 1234
340 170 2780
278 181 349
966 557 2064
589 701 6108
616 202 6085
118 12 3246
980 301 4626
184 262 4521
192 584 4749
175 815 6025
960 306 2416
675 862 6946
69 648 2309
916 904 2993
306 15 2788
284 478 2377
725 863 4732
39 228 45
210 274 6550
232 4 2865
418 518 6910
811 138 5367
12 241 5356
561 377 2002
836 721 7281
878 757 8484
837 970 1348
746 196 3032
293 412 1648
237 421 4100
51 590 4238
933 988 3709
340 405 923
633 336 3414
604 74 2278
26 672 5434
280 730 1273
737 383 4876
575 606 3149
113 145 6581
810 403 5976
46 444 7178
256 989 782
640 597 2847
693 301 9990
156 409 7664
593 543 5134
297 834 9492
710 93 5356
654 47 6073
872 14 8892
904 137 1840
47 177 5435
81 304 1991
974 895 4730
396 778 3127
916 697 9542
737 922 7333
230 114 1880
11 516 518
886 501 1210
521 754 9840
643 803 5062
322 116 7473
336 873 5423
293 372 2016
526 568 239
930 291 7762
39 333 7616
754 523 8142
532 162 8422
224 219 4294
127 952 621
983 179 6213
445 843 1526
27 195 9436
651 570 8980
87 269 1177
431 235 419
431 107 5000
373 790 3194
187 427 3015
463 53 2968
767 807 598
562 474 57
50 734 2136
514 208 455
418 510 9183
501 359 3276
780 778 6133
373 292 1388
81 201 3336
763 406 1829
584 980 3219
978 157 2473
841 144 8188
37 493 6756
456 822 8446
772 925 8378
350 376 2561
656 373 124
89 283 7943
789 87 5351
176 370 1756
721 982 3543
371 502 9612
857 432 2777
220 291 8932
859 948 1453
398 419 1442
311 164 2280
735 298 6323
142 26 7031
512 965 9891
651 190 8895
520 760 2555
989 14 3796
337 232 4239
244 178 9057
301 828 5705
745 631 3992
948 387 8930
831 101 294
478 522 7218
75 904 295
109 407 1242
475 827 1704
71 866 7526
428 52 4421
121 482 7600
479 204 3906
282 85 2290
980 349 353
285 354 1598
877 723 9611
110 805 6180
706 16 8850
347 899 633
61 424 6311
698 124 4758
499 410 6346
159 816 133
170 176 5754
315 225 181
565 241 7775
780 97 653
422 244 3304
327 226 1738
160 449 7655
946 199 7156
536 900 666
771 979 38
894 870 8777
545 294 4890
905 674 2139
19 287 7265
287 434 9945
494 213 7257
199 435 4054
551 808 8510
583 314 1109
252 736 6435
382 261 2870
239 12 3828
726 675 7077
692 277 932
384 496 1085
750 285 1287
73 281 2941
499 859 7630
76 713 1952
896 0 3010
409 842 3836
467 357 9903
159 354 7321
110 993 4673
846 41 2967
987 300 7444
3 752 2792
593 796 7698
854 170 8089
128 348 7118
262 76 7878
27 20 955
744 995 9862
823 544 1711
397 892 9447
53 167 1319
13 121 449
65 5 5101
891 29 3658
126 605 6868
878 132 6848
757 234 8837
870 427 1020
994 859 6138
372 932 3824
649 140 1401
365 943 2805
64 710 7167
417 156 831
117 84 4305
908 802 3761
684 154 4448
285 786 1049
409 15 3116
331 283 4208
135 937 788
462 824 2209
36 696 5625
547 154 9064
735 151 9651
289 173 8373
537 178 7898
247 982 253
219 34 1129
283 701 1365
916 299 2665
804 947 2096
647 446 3879
613 805 3344
885 79 1479
810 250 9430
818 248 6254
703 376 6392
497 726 7627
681 936 4339
326 755 4945
414 2 6068
765 981 825
307 944 8590
78 814 7574
849 371 8779
517 5 7842
885 890 4633
974 521 7297
78 462 5742
913 794 9497
42 105 7248
429 130 1643
572 899 6983
856 299 8757
539 704 440
617 676 1854
479 486 8150
1 714 9061
181 612 5908
988 228 7499
633 398 4867
792 515 3343
379 277 4950
891 118 5053
414 633 4270
891 174 3448
679 45 7395
485 416 5051
21 383 8844
201 611 7094
204 337 7493
525 102 8049
172 28 1951
872 26 6642
683 595 2287
47 356 7967
153 305 4055
536 867 9511
112 816 9350
212 57 2202
699 413 9725
389 388 5573
905 292 6127
361 962 3594
214 927 7909
178 372 9303
561 415 5714
866 443 1795
583 962 9014
719 270 4565
432 633 5879
530 886 3919
691 7 2357
741 943 3580
623 650 5840
708 636 4524
881 238 2446
516 60 352
35 379 605
675 320 7349
102 728 4116
29 378 3531
133 419 6369
527 256 3083
327 902 1569
722 656 9597
368 308 2631
974 337 5620
68 917 9338
129 110 846
211 347 542
463 591 4541
210 251 7864
431 560 5384
832 741 8053
82 762 1078
286 870 7872
864 861 7629
268 841 3804
69 333 2411
698 676 9188
937 844 8618
54 524 7086
723 481 3689
571 200 9546
208 342 7295
569 495 8856
598 2 5610
431 337 5645
566 136 4341
901 470 9375
766 358 101
630 574 5700
750 175 1919
101 518 3845
638 700 8018
993 775 2980
776 699 5036
661 817 1192
894 291 1692
933 158 5748
684 581 9742
364 698 4599
590 334 6381
456 31 550
132 835 4487
794 831 4840
828 183 8603
284 137 588
789 53 4299
705 868 3911
205 345 1654
484 631 921
946 425 6121
471 243 399
503 741 6503
816 208 576
884 7 5439
120 704 6297
809 581 5651
413 942 2071
390 112 232
158 540 6638
169 867 8912
782 668 1601
131 847 6935
687 626 1686
101 310 7874
117 349 2660
426 724 4789
531 601 4557
268 662 5824
363 862 3485
576 634 1469
447 814 4794
147 10 1046
423 762 8289
810 132 4633
870 10 9382
350 6 4704
924 630 6796
416 234 6438
413 467 8870
276 913 9323
308 709 5471
925 818 9245
49 317 9397
827 801 3763
626 634 266
27 366 7572
393 709 3132
747 342 862
851 912 7853
124 721 5846
597 759 861
809 861 355
402 233 3385
867 621 3380
616 822 4018
553 838 105
865 719 2102
88 650 7582
790 699 7662
22 923 7541
799 576 4791
424 164 8898
796 347 8202
669 759 2265
82 676 456
133 973 1432
542 985 7598
640 321 1227
131 22 2105
490 445 9598
759 824 4884
75 578 5062
52 698 9556
439 524 4536
849 687 3683
357 662 5
567 658 9426
252 61 244
791 884 1905
32 639 1247
826 422 1127
9 262 9704
383 580 4796
527 167 8916
737 100 3522
324 374 8785
971 24 375
797 5 610
51 871 5190
456 882 8727
210 890 207
470 666 3770
516 194 5446
509 507 4870
314 804 7812
762 100 2648
889 57 2709
2 131 3416
648 79 1858
745 935 339
485 932 5302
480 393 5008
176 548 3932
125 894 7375
593 849 67
890 972 5664
484 975 7599
393 157 7856
281 863 6793
772 279 3990
847 80 7090
410 279 5609
637 765 7571
3 243 5593
636 472 5439
737 888 598
486 337 2604
264 875 8595
540 838 3957
994 109 9852
672 473 5526
2 991 3503
804 542 3045
384 84 9366
915 735 170
592 968 9940
518 361 9406
23 172 1977
932 217 8628
694 77 5601
108 530 4255
290 730 9055
878 915 5001
496 92 5603
605 562 6463
51 315 8625
849 126 4227
688 382 3983
934 853 8759
931 586 9056
373 830 7704
472 264 8483
240 819 6679
110 111 2888
786 111 6419
444 761 5922
198 591 1431
965 589 2705
198 538 7554
264 479 6988
522 711 1413
917 841 8646
897 305 8552
29 446 3828
686 94 6785
233 0 3429
626 701 7022
619 218 4967
358 773 8901
768 495 1015
307 264 4917
113 886 6534
803 657 6878
56 6 2137
186 506 133
988 156 5297
738 925 304
588 268 9842
955 181 4530
970 916 5169
263 714 7464
194 156 3837
569 980 7955
544 84 4196
986 970 9766
47 537 2348
728 935 966
302 214 1444
755 914 5219
174 195 900
971 755 4018
580 988 2453
849 987 2061
966 586 7090
726 783 8962
341 792 1451
859 584 1757
635 551 5192
530 541 4604
36 562 4002
618 814 9088
336 474 6994
726 222 4982
837 779 5265
958 771 4192
196 285 8621
981 720 3098
904 394 3049
388 274 4322
50 111 5017
552 906 2129
512 666 2994
989 123 1402
506 913 4883
324 420 3720
894 446 5175
539 285 978
554 241 8800
366 417 8087
896 42 5625
339 580 9363
578 624 7645
49 47 3022
369 326 1264
67 36 8658
184 889 6976
89 468 7901
144 528 3553
661 601 9448
133 960 4479
462 32 4797
735 38 6458
13 519 3167
304 585 1074
117 223 5013
370 158 8346
771 524 7128
862 101 6717
616 343 8059
43 970 2565
648 591 3603
753 751 5775
278 605 3957
166 171 2170
647 730 5941
400 81 1400
912 762 2989
933 579 2194
428 180 2099
158 559 3040
392 351 4730
624 237 5526
762 36 7089
528 778 5685
414 412 645
738 387 6457
883 162 2589
257 157 5289
12 389 6561
544 460 8318
687 491 5331
832 218 9529
784 622 9869
82 698 8755
817 53 2185
757 186 9554
74 862 9591
730 104 3860
768 953 9365
42 831 6050
853 731 2008
256 447 3464
427 503 5373
302 500 8203
75 421 7885
213 822 1139
507 892 7485
809 235 1555
483 646 4114
542 327 8767
318 111 4502
354 982 7941
582 407 5067
148 426 6247
367 145 2712
317 985 8759
282 211 7331
256 717 4218
886 11 5639
321 744 4013
523 827 7628
398 684 6219
366 471 3384
215 925 4899
626 572 6051
261 356 2771
526 610 8242
135 523 6973
919 252 1763
409 763 7965
250 52 5299
55 894 3640
861 372 4534
772 653 7451
42 750 7396
632 651 2482
651 89 8232
543 690 5482
676 286 6798
489 359 4594
317 438 8240
639 696 5343
496 837 2961
854 357 4149
564 454 8781
928 276 8052
797 145 8355
643 599 4150
679 543 5207
532 802 6727
389 275 2522
725 781 2674
197 380 1188
936 110 582
674 364 1060
784 539 4273
415 388 7907
510 441 3746
281 69 3586
976 11 8755
172 893 4477
34 49 9120
947 668 8522
533 421 4348
464 418 6839
748 322 2684
228 796 6468
328 380 7224
945 954 813
51 851 7590
507 656 4418
509 927 8828
673 154 8143
80 415 6917
860 705 7915
476 455 2510
142 133 4198
832 763 4994
389 518 2814
968 345 613
881 259 5266
751 93 9724
439 253 9878
304 160 1920
557 961 4777
930 201 6520
556 401 1552
279 93 3007
401 694 2310
403 68 5883
93 120 2448
374 297 1937
100 161 4611
671 963 6028
203 768 5552
351 301 2864
122 201 496
94 149 7621
579 982 7560
703 758 1685
132 780 9018
314 174 9671
336 438 1966
375 479 6503
347 552 1492
12 620 1318
12 354 7051
518 24 6161
49 677 4390
595 279 1455
549 797 6149
258 266 7111
91 52 3610
722 721 3140
10 431 816
604 248 435
397 364 9444
453 45 8366
72 377 5704
80 890 8511
759 263 334
273 749 4790
356 316 665
695 441 3619
905 955 692
919 890 3404
641 23 1588
483 620 8741
47 410 5477
555 621 1051
774 148 6089
470 330 3333
544 79 3600
175 977 3715
268 508 4226
368 857 1420
177 797 8570
289 868 3556
85 459 8891
980 942 4506
282 509 2742
349 853 4819
790 950 1891
965 983 5708
844 471 6814
582 962 2898
521 755 2904
355 20 5494
443 996 7747
363 264 4960
387 881 8622
15 327 2019
3 953 1477
721 38 8704
299 159 5037
674 936 4084
582 331 3984
609 923 4695
428 321 8385
830 68 8347
565 674 2281
264 164 3929
599 691 9168
630 318 4179
160 264 991
216 459 114
316 448 8953
413 446 3825
81 388 6432
179 38 5775
735 330 7835
834 279 5410
481 28 4808
215 303 2997
712 194 510
365 960 3957
295 251 7205
734 677 8873
476 136 5484
909 137 5408
840 489 5058
482 511 5142
914 744 970
172 570 9834
503 699 5643
56 991 6013
993 480 9887
526 450 799
454 76 2022
253 464 592
433 200 8074
174 404 2985
908 27 3855
197 880 7084
544 447 7245
868 291 3552
54 707 9532
509 471 7032
538 446 4274
551 475 1886
810 293 5403
165 846 1734
315 88 9167
701 77 9758
904 859 962
534 149 2316
599 247 7903
540 641 797
116 465 99
959 248 637
956 439 6627
353 999 7883
668 655 6218
251 386 8445
272 194 4798
241 191 4460
495 947 4564
750 893 887
959 807 910
603 488 8027
50 939 5145
673 683 3517
637 590 1600
980 307 6884
332 380 4356
911 289 9342
408 58 1368
941 364 5612
496 881 7347
518 356 2057
803 483 6759
992 493 6398
104 467 1031
701 494 6889
623 516 5642
275 650 5124
943 335 4026
481 854 2693
218 167 3122
376 804 4237
897 933 4149
877 781 4936
980 760 8
805 22 1109
566 340 5834
690 642 883
828 337 8874
495 344 8078
775 971 838
557 337 980
762 278 471
683 346 4599
884 535 9300
23 379 1707
833 665 1934
167 420 5016
792 978 6570
205 486 9299
498 486 9677
376 700 9812
254 40 2647
419 140 5009
845 685 2567
257 323 1881
723 140 9926
934 43 6426
501 513 2110
919 554 1495
142 882 57
669 623 6686
275 385 6722
960 559 325
320 784 5140
32 604 1630
737 267 2023
998 988 5325
638 172 9585
344 542 6755
628 430 4931
306 4 6175
599 79 5986
594 188 6380
115 46 6815
776 415 2129
354 249 2176
316 77 9516
887 520 366
321 251 2263
31 724 2389
885 781 4046
717 583 3198
201 801 9600
465 908 1645
587 937 4392
722 998 5455
658 267 6471
97 300 1855
632 67 983
479 234 8188
947 149 5406
965 453 9673
866 240 6602
708 358 9283
261 262 238
336 703 2835
367 226 4087
237 552 7872
660 422 397
253 261 6326
857 924 6156
729 553 688
263 338 2253
85 558 1029
806 763 6932
326 176 4809
80 280 9230
834 563 8635
353 348 5433
865 498 6507
13 130 3581
274 637 8357
459 571 1122
97 674 1169
269 134 2439
264 702 68
668 871 4578
852 885 3566
966 825 8680
743 397 8563
639 872 7422
443 902 5383
384 902 6803
42 913 8103
751 121 9399
409 117 1824
500 739 4008
600 627 2582
378 77 7128
303 64 3794
665 382 8390
152 161 4732
862 330 8912
70 62 598
80 428 4649
865 620 3735
708 879 3288
92 287 8970
424 331 9695
627 143 877
360 822 6995
848 25 1439
185 322 938
994 965 8227
545 488 9822
141 915 5447
42 261 2201
706 789 4451
149 705 7699
778 117 6524
602 627 6084
341 96 9825
700 856 4635
40 792 4689
53 551 3829
870 880 5420
959 837 8019
444 25 8326
331 99 5027
16 39 4761
976 70 634
813 769 5573
278 940 9488
514 746 5379
639 146 4828
851 511 4743
621 948 5732
752 884 4417
2 970 7312
504 82 3885
973 736 8630
813 983 5258
626 413 8339
503 304 9793
626 255 2909
538 100 4449
411 949 2970
465 906 6721
351 0 3650
458 245 2539
56 463 9497
783 144 2644
704 136 479
509 889 4207
984 1 7748
981 659 2550
269 747 6874
188 753 451
996 933 8700
818 713 6631
487 180 7397
680 470 2312
992 141 8706
220 929 1029
528 488 5695
893 542 6272
505 587 3623
757 261 4311
505 373 5765
486 246 4300
995 712 4591
271 288 5577
774 549 5903
3 665 2893
922 385 7310
659 926 9317
853 907 867
14 502 8645
253 969 7442
779 837 2410
22 562 5218
501 732 9831
360 817 4639
624 712 5192
571 844 6424
353 877 3682
135 794 1363
739 154 9022
921 645 7274
347 945 1355
822 198 5825
474 85 1372
299 13 1076
752 671 4274
919 85 2637
874 819 9922
463 736 5755
471 403 2038
573 236 4488
446 617 615
666 424 1943
410 864 660
747 328 5585
859 48 3970
823 452 4909
618 165 3006
577 218 3067
204 289 8450
595 508 3318
226 642 8768
717 875 350
330 669 2502
586 433 3292
82 27 3281
293 250 9991
609 514 278
552 969 677
594 102 8460
18 876 5839
929 782 9483
989 841 4305
331 486 9657
146 226 1699
727 391 8218
682 123 7040
406 906 4765
297 761 5265
918 498 8315
272 472 1365
797 427 6043
113 622 2924
22 314 2230
864 577 1633
894 120 2559
5 581 7573
505 582 6509
99 611 4270
7 131 5302
276 37 2391
826 821 9550
310 729 3535
851 92 7452
722 277 2575
418 539 911
818 635 2313
147 326 4158
359 536 3723
354 758 5274
780 869 5093
526 924 4837
754 684 2610
32 172 5709
362 804 4457
944 282 2348
220 916 6797
623 838 304
93 883 8965
541 145 5194
560 472 9132
717 33 3353
675 127 2820
800 942 8529
333 672 5964
654 929 6009
825 372 7563
473 905 322
658 566 2035
268 908 6011
674 433 5416
928 600 6892
798 596 6853
296 914 6081
977 20 7321
687 862 504
763 759 3069
389 485 2485
572 4 1319
606 355 1719
684 153 102
203 632 5841
608 752 8032
841 69 2619
17 755 1413
826 202 4562
662 984 5492
62 113 9999
470 316 3889
842 692 2987
496 501 3475
109 323 2372
200 465 8842
111 211 8511
385 741 3253
691 821 6004
983 257 1561
631 844 1219
4 7 4645
445 844 2502
975 992 8873
234 605 6500
340 957 6756
904 948 4012
21 746 3290
256 63 8697
6 518 8844
423 446 2100
386 4 6263
65 452 4552
253 589 1485
341 475 5200
267 687 4648
212 826 4722
958 793 2360
213 849 2401
954 115 4779
387 43 9509
564 583 2446
508 867 5225
140 777 5573
67 164 4876
98 261 6899
208 566 7756
81 496 7913
119 209 9971
263 26 814
998 311 6823
440 932 2546
27 427 4464
338 48 5299
18 24 2859
692 70 3098
415 964 9074
833 279 5621
811 104 7570
375 392 7234
520 811 2982
470 435 593
122 135 1681
598 248 6187
885 259 6126
515 843 6121
9 526 34
820 184 4663
916 800 3151
590 824 8956
114 980 9482
710 15 4680
750 710 9203
739 153 9596
455 146 9842
697 495 7367
746 569 3499
16 547 5355
929 976 9857
916 819 3753
162 942 7836
573 861 1422
615 314 9156
584 781 4178
548 180 7893
45 541 3578
391 884 910
263 760 9373
840 783 8591
990 368 1642
157 123 6755
124 261 6193
400 971 4933
595 848 6948
529 464 9617
175 525 1259
389 499 4954
632 298 3037
305 889 3757
46 725 664
941 416 9199
795 621 4385
0 867 2084
860 141 1640
38 997 3876
643 992 5666
915 818 2914
385 33 50
619 555 8814
565 866 6073
967 431 6760
167 126 6585
78 916 4758
913 671 1188
449 811 9098
485 854 2445
68 656 3768
614 527 2938
371 208 5160
743 456 6421
707 70 9227
213 237 5697
443 918 6871
192 101 5712
437 60 8140
606 832 2493
893 205 9934
777 848 2244
986 30 6514
323 239 3838
110 586 2782
32 553 9678
141 976 2595
601 431 6336
132 758 6884
659 933 5020
755 629 980
123 785 4492
875 548 7682
317 860 505
512 967 4869
803 695 6063
113 980 7305
83 701 7614
611 832 8833
262 783 3166
553 161 8354
718 791 4304
406 7 4110
475 17 6574
926 442 6580
217 733 9532
39 307 2795
291 760 4551
898 7 4708
817 993 6384
72 699 6672
978 214 6897
620 622 3411
158 82 6911
515 589 8277
757 175 1357
311 885 5593
462 263 5119
350 536 2704
449 989 12
543 87 716
21 754 995
850 969 5571
628 557 5176
551 508 2540
37 712 8231
167 841 9713
850 265 2477
439 768 7645
154 313 8959
742 752 795
275 341 183
278 216 9414
38 724 5196
634 460 9418
989 602 8933
611 797 6576
478 640 3740
133 320 7505
378 482 5479
796 829 5979
525 934 2056
8 751 6499
408 573 2715
451 93 6022
364 497 3697
506 604 610
936 421 4290
792 296 3628
301 376 4734
437 737 5333
791 99 5293
498 954 539
663 283 7771
470 313 9768
637 634 6663
752 967 4292
381 155 4585
442 262 3844
745 375 7994
868 956 6577
476 927 8570
909 774 4114
435 154 928
174 166 9972
239 492 5091
761 391 4861
221 342 6466
524 576 56
887 96 6477
953 483 9973
976 207 1685
114 764 207
354 38 6727
270 235 3689
656 379 8025
985 741 8202
508 644 1504
992 446 8870
158 471 6815
44 733 8410
918 850 5741
772 172 6682
937 847 3111
36 641 2556
416 176 2411
395 369 3265
885 351 9114
384 486 5872
96 707 142
813 900 408
841 741 211
824 679 6997
288 541 1195
474 692 8006
517 814 3509
68 734 1104
47 329 786
812 482 9920
276 481 7025
289 907 6711
752 364 2814
379 380 7443
949 729 1249
787 874 3481
130 83 238
486 392 2250
548 263 4893
8 264 5582
682 523 4011
232 183 7199
532 243 977
362 287 927
100 777 4796
414 830 9824
269 920 6758
263 400 1333
452 309 3202
726 146 789
57 857 3075
718 96 5371
412 342 6255
577 654 8008
947 233 4946
25 563 8674
94 711 4752
659 192 1489
420 495 4082
358 924 1299
905 76 2020
73 260 3208
473 257 1812
323 84 6850
251 211 9737
95 489 1872
214 542 6526
434 255 7944
705 861 8024
140 309 5066
967 830 3694
379 418 247
617 372 3169
403 526 2847
23 698 7948
420 952 1131
715 918 6817
710 679 6529
565 970 6123
611 3 6991
306 471 6678
894 146 2974
914 789 5063
339 884 300
184 137 9192
692 751 6327
273 695 4706
335 703 6602
394 201 5806
595 325 989
596 232 5273
239 595 7741
377 307 9546
522 943 31
458 384 1500
197 998 7725
532 87 7404
636 834 8575
23 276 4234
312 791 7465
588 627 8503
264 895 472
980 486 2245
696 323 408
315 704 8863
998 455 2479
974 44 2982
306 391 7209
525 498 8253
880 909 5791
637 478 4803
313 730 509
316 393 7587
22 659 720
232 193 5015
623 792 8601
832 796 7816
397 20 4545
737 458 7967
885 13 9766
956 574 3126
726 11 1695
295 779 8263
912 169 5468
402 16 1699
1 787 9681
952 2 4998
73 970 3853
985 712 5572
680 648 4452
998 994 7642
941 944 1224
728 676 2863
417 340 865
422 433 985
467 428 3849
492 741 3405
568 451 8729
845 839 6862
80 862 6951
603 134 9574
700 163 8737
42 11 1466
766 756 1418
484 519 9656
606 464 2120
300 426 3580
21 973 7936
6 541 5945
229 613 6884
233 538 579
961 853 3536
82 928 4617
625 192 1210
686 128 5642
933 795 3261
475 943 2055
849 564 3864
748 991 4673
51 929 6840
427 248 6120
633 175 6628
897 984 2452
60 747 107
396 698 9432
736 799 7899
51 117 610
996 479 5569
301 604 7383
782 906 1555
261 795 6290
763 703 6777
760 653 1668
976 342 1994
531 770 289
285 101 2597
767 730 4292
268 305 67
44 506 7256
232 592 8451
360 558 240
889 268 3392
265 573 7675
939 536 9087
640 614 2789
664 817 8671
746 338 5183
276 265 3169
152 264 1555
228 538 4175
115 895 8233
247 307 6623
664 388 6518
540 630 2510
259 990 5614
772 511 1377
766 507 7775
573 193 7475
250 976 416
786 729 8826
444 803 3279
336 413 4531
959 234 6035
454 92 597
900 600 4521
269 995 3800
900 893 9028
471 876 475
13 473 5355
985 19 8453
551 263 8923
435 258 6226
727 516 7152
176 913 782
955 644 6187
20 46 3875
9 733 2277
625 950 4086
871 523 131
302 762 2619
112 935 5658
226 374 4028
568 680 3926
212 477 9764
30 632 120
416 522 5191
732 163 5924
802 347 7227
554 481 2548
468 488 2011
336 994 2682
52 969 2652
169 38 2454
725 261 176
876 566 5886
164 907 2739
294 546 7386
361 196 6018
668 582 5666
864 434 8912
561 984 5689
155 170 6865
51 866 9517
197 627 3073
767 893 8558
438 222 1964
494 87 4402
156 274 4494
899 768 1693
897 404 6551
494 799 3551
62 793 9149
79 713 7536
837 237 7141
221 632 7288
757 495 7351
137 473 8279
667 810 2647
109 147 2281
851 881 5113
41 892 9486
324 771 3389
5 69 8240
408 953 9765
959 866 2862
195 434 3682
640 612 9032
326 324 3863
239 597 2094
751 877 1161
874 584 9698
30 653 7909
832 983 2131
371 149 577
353 821 8114
486 103 3099
104 420 5988
503 839 9305
758 771 2819
190 316 758
302 560 715
741 816 2927
259 801 7185
329 954 8018
513 943 5435
471 223 5381
56 537 8697
406 177 5933
219 171 6516
866 2 3697
856 98 1181
420 429 9110
268 666 5810
959 23 5625
578 547 7644
901 786 9839
946 570 3915
831 298 536
837 944 5645
297 757 2029
638 786 3669
42 616 4203
760 141 6652
205 269 1375
571 955 9740
987 652 6790
733 63 2326
939 176 4609
258 551 5829
82 747 3341
475 909 6813
285 861 9703
918 693 1831
413 241 4057
661 370 3445
121 342 3777
98 497 9978
441 149 9566
907 264 6842
333 518 3885
106 274 8807
325 156 3527
259 931 8233
656 579 3725
487 878 3859
194 211 2077
519 447 3827
245 583 6680
982 941 5706
472 953 357
751 848 1614
81 234 4181
47 468 7799
544 897 3531
761 70 176
897 970 1339
76 352 3950
531 946 6212
783 726 9880
555 804 5999
437 307 100
904 682 9111
45 641 7827
323 577 4895
294 138 3761
340 686 6537
164 616 9603
929 143 5745
442 62 7265
946 52 1707
878 256 7224
406 686 9099
781 597 8156
171 438 9696
195 319 364
153 605 3668
858 305 6492
561 143 3178
565 159 9061
61 449 7238
224 310 3774
566 684 2799
316 913 4025
405 997 7439
953 26 4191
745 607 280
879 667 7192
319 412 6326
964 383 4495
879 825 2844
881 509 187
940 477 3405
75 637 3553
481 971 6968
585 359 98
703 669 921
802 71 4361
194 921 6857
744 159 9433
599 115 7586
592 466 7699
878 391 9097
782 427 7352
163 332 6187
777 690 2254
551 367 6764
272 475 4575
432 164 9427
576 589 7813
20 531 8777
95 998 5589
598 152 9630
303 812 5343
547 835 568
122 589 362
940 696 5165
176 672 1265
779 605 2342
505 334 2436
610 321 9793
203 15 5423
56 183 5854
926 485 53
38 424 3896
3 546 7096
257 423 719
914 58 8932
983 739 7913
712 598 6219
377 535 2212
836 807 3065
615 429 5681
691 374 5531
545 453 3626
748 148 4974
626 786 2418
248 195 2475
921 173 56
85 703 4659
909 520 8762
709 214 4384
487 969 6543
639 699 3306
318 180 813
796 313 9583
304 612 6050
534 261 6213
422 527 9733
472 171 24
265 42 311
590 361 1685
542 511 4682
419 679 2429
703 592 3562
931 594 4571
25 896 7322
103 859 8814
827 945 4702
906 932 595
687 286 5641
516 681 6450
858 722 1774
850 209 1215
738 965 2127
286 639 6189
995 635 6074
284 102 1646
832 86 378
714 319 240
412 753 9107
317 776 1396
361 838 2190
930 231 3762
70 93 6714
774 605 4197
633 532 3444
974 567 4136
545 310 2807
211 820 7384
843 828 3020
131 205 2769
84 352 8997
76 775 6507
923 425 9902
248 255 8593
658 388 7542
468 873 4371
823 821 7494
737 656 8271
703 606 2068
344 419 8179
259 469 499
385 153 1131
449 959 7949
149 577 2917
139 374 9516
646 664 6480
847 201 9980
953 805 6060
475 840 6808
72 855 9099
550 257 8780
21 240 2941
49 58 9084
32 163 1303
133 345 1917
108 754 3511
191 650 2970
838 484 6520
992 51 1306
570 640 4527
582 605 7647
819 452 939
183 385 840
829 408 6045
757 922 5043
550 281 1931
343 195 5560
417 622 2772
821 938 4737
790 957 1462
385 455 9842
357 526 7986
889 632 1484
327 53 2975
658 592 3781
632 113 6152
215 443 7984
798 728 1387
688 65 8943
824 769 9978
705 632 7031
24 119 9412
568 83 8640
760 878 4357
596 824 5645
855 252 3214
947 886 8695
706 456 1633
697 418 1178
318 695 6169
800 314 4269
85 765 4806
358 42 369
611 507 1861
395 210 6510
405 999 542
559 325 254
385 157 8524
23 828 7056
411 172 8314
62 40 8640
618 23 4676
897 390 7420
47 301 9268
199 263 7311
310 302 1164
200 704 2640
546 993 5721
486 978 2207
133 861 5828
415 862 6716
316 881 997
810 850 8617
304 424 1014
314 307 9842
875 867 144
55 561 7300
423 687 7241
797 778 3527
945 784 7940
858 173 9372
273 453 8055
587 476 8681
957 683 6715
978 603 6545
617 746 4494
255 851 4025
36 909 6606
890 229 3616
35 276 2806
687 299 2050
198 37 1934
639 109 7337
475 580 4179
793 849 8615
878 567 2578
737 834 122
58 671 600
578 809 1384
202 58 1555
582 602 8193
466 317 5889
454 16 9046
298 715 9994
427 630 4741
599 287 9459
668 808 8752
897 711 9401
38 77 2448
271 602 2588
433 485 1339
163 309 6230
159 902 5460
699 549 5007
415 264 4717
740 961 6527
542 166 7175
356 687 8313
587 887 7801
36 773 9354
365 106 9765
773 367 6763
896 939 6855
205 723 3186
362 411 1644
528 17 8762
701 679 6766
878 672 8188
875 264 6648
2 252 5879
0 988 6929
119 112 3524
24 433 46
720 571 6913
547 934 5328
622 413 3831
464 649 7912
383 463 5155
154 865 6249
325 356 6951
455 428 7774
248 717 5269
675 195 3431
290 86 5243
442 240 5002
320 132 8879
726 8 9699
8 727 4736
569 25 5331
895 405 2666
558 913 9064
267 20 3298
733 980 1878
19 321 3558
85 279 2874
559 462 2093
872 546 4501
379 29 540
524 6 8014
228 395 4761
292 139 6773
253 403 1195
494 570 7264
239 462 6058
560 569 5385
80 845 2586
131 913 559
214 840 2362
289 990 6521
924 693 9368
888 924 3334
914 631 528
678 402 3937
315 199 9099
708 788 154
30 213 2121
855 690 2197
277 672 5801
933 384 4311
923 170 113
501 189 9707
588 948 8218
204 904 9833
437 41 60
108 602 5878
302 345 816
158 512 1063
948 182 7496
67 168 688
345 566 3869
34 729 7923
713 288 352
307 266 6145
210 648 6957
457 416 1347
449 198 2252
858 902 453
387 226 7372
242 498 4729
967 89 2318
944 471 9406
85 700 4029
993 563 1813
181 694 6126
636 595 6587
367 39 9214
306 994 8750
109 578 238
615 544 6695
9 737 4839
977 659 8802
883 43 8008
784 251 5683
708 530 316
416 314 3906
581 875 6587
168 304 5351
943 339 8588
469 581 4561
658 540 909
723 543 2398
585 391 3505
784 841 7898
474 464 4859
539 180 3551
353 115 6285
50 996 6555
191 405 8267
258 471 1939
372 664 2795
350 538 5581
754 272 4595
880 858 6615
915 395 8379
28 931 5519
485 919 6112
289 647 5719
331 666 1904
577 941 8828
461 432 827
413 546 8475
552 693 3088
882 607 2259
140 386 7774
566 781 5592
195 318 9474
716 412 6888
351 856 2401
676 912 9417
650 623 8519
162 68 2452
389 995 1451
897 511 9653
51 768 3695
336 886 2062
127 795 5664
641 435 345
751 76 2106
556 726 8639
636 640 372
374 4 6076
706 998 3355
258 925 9839
722 683 7800
295 813 2604
458 441 4688
272 966 4043
483 135 3304
917 119 9715
787 22 1477
354 139 2621
123 84 5451
120 165 9790
159 949 2993
24 498 723
626 495 7439
855 179 9981
784 988 4408
175 592 9625
559 178 8534
466 804 5845
319 649 3145
723 997 5359
474 800 54
951 418 4603
517 237 3072
260 931 4444
258 796 5107
716 533 2928
184 920 5798
780 168 2278
953 477 1856
105 367 8473
602 911 269
792 508 8561
630 723 8251
377 620 6933
493 607 6846
450 388 3062
916 919 3749
929 399 4848
575 773 9092
276 988 3555
207 807 5005
894 746 3505
997 687 1749
621 226 3466
924 229 5276
347 678 1151
557 962 4161
699 478 5522
126 180 8031
524 463 372
515 12 3128
999 969 8601
923 983 3642
539 468 7553
505 608 6147
517 522 1692
666 525 7070
527 919 7411
751 326 7098
665 813 8620
965 616 5217
482 736 1506
146 649 8981
457 324 6888
102 4 7582
920 505 3022
529 302 3613
809 961 9396
732 784 7627
951 430 6694
486 173 1030
213 686 1125
545 158 6803
826 352 2886
682 875 5452
869 291 8795
136 24 2857
268 588 7047
652 235 7168
875 265 7779
29 726 8632
307 56 563
23 13 7911
455 548 9695
274 373 1172
402 911 2135
210 908 3956
956 961 2090
892 116 7949
335 400 5127
780 154 9536
160 904 2726
43 26 4847
785 806 8422
847 665 1436
907 356 1246
587 632 4390
633 526 8304
711 102 8083
378 754 2604
476 105 563
396 332 7744
74 240 8303
911 156 6125
425 971 9317
543 474 5869
867 311 3008
813 955 4512
199 159 9842
714 33 8732
638 871 2779
691 889 1555
25 366 1207
295 109 9972
457 57 7816
501 630 6074
282 232 3276
639 350 9315
735 986 7131
574 459 975
858 121 396
143 913 1601
786 995 7518
974 239 4344
104 680 6179
91 108 9698
978 851 1527
72 590 6335
171 689 9162
889 463 5683
678 151 4195
825 121 1677
696 700 6791
23 755 3027
256 188 6430
991 300 8340
989 277 9546
277 214 6059
819 183 4185
569 164 6167
443 566 8657
185 757 8157
939 104 8987
257 489 5944
204 16 7640
968 94 7033
966 61 4243
262 693 7870
850 921 5216
86 329 2022
348 547 1069
223 220 4765
266 683 1914
925 727 5450
960 871 6339
138 888 5054
889 704 4596
475 905 545
793 12 7017
449 328 6464
664 226 4402
937 874 4026
158 391 2630
219 699 5232
665 156 7636
51 594 8249
505 735 3169
766 708 8481
845 874 981
885 949 6638
12 196 2817
821 208 7018
158 905 5657
717 553 3401
990 650 2091
184 838 1123
286 6 5298
531 87 6229
806 22 8958
633 559 8281
987 197 4598
825 530 6827
328 289 7459
49 332 8453
912 702 2855
445 313 5793
727 925 1684
785 114 4978
662 575 3876
895 282 5651
193 39 1451
29 629 3804
485 253 324
490 818 4526
510 601 9415
177 57 7447
818 380 1840
846 6 5349
621 93 9099
637 6 7502
247 310 8229
332 4 6494
65 211 2786
194 172 1129
545 47 2374
380 543 3404
126 451 3874
882 877 9578
894 373 5199
183 951 6218
746 790 5768
496 204 7702
723 44 7652
603 935 1984
591 106 1764
678 110 4996
68 378 114
546 74 1833
558 217 5523
103 326 3020
722 301 6012
940 657 8117
940 484 3548
892 972 9254
910 419 7232
104 146 7059
427 207 5243
320 881 4716
791 621 6035
835 856 2459
577 185 620
940 921 8880
467 58 5154
940 805 8565
529 157 8444
244 43 5880
953 339 7465
647 625 3754
362 983 8350
936 201 663
367 105 8111
828 759 9070
116 55 9156
129 5 7289
595 701 8685
200 456 9541
515 972 9102
356 996 9223
291 614 5462
557 356 4261
114 14 7352
708 325 6310
305 466 5490
982 193 6414
167 792 5346
340 628 8736
432 168 8066
921 69 7815
46 21 3028
790 661 3749
370 425 4946
661 165 3176
664 50 1261
52 371 5790
529 331 3055
867 351 6365
291 34 9866
476 748 3098
556 188 3970
847 195 9835
135 975 6905
889 907 1046
875 688 3883
357 907 1376
255 178 9528
819 490 3548
161 892 7995
616 417 5569
203 679 8735
682 466 7031
196 264 6386
65 465 8602
211 507 3166
669 624 346
727 757 5893
459 343 5792
462 306 5175
569 248 1766
967 492 86
380 600 4700
672 826 7472
280 193 1348
562 397 3139
22 202 8137
71 231 3878
491 798 1216
116 688 9915
714 410 5567
346 439 2759
505 506 5966
985 15 1986
557 585 2550
687 848 9587
52 576 8997
565 413 8223
806 377 4035
65 515 6929
630 615 7663
495 842 9129
994 92 4201
278 248 3325
394 942 7822
760 439 3497
735 244 9077
332 794 8905
883 450 948
270 64 4873
109 559 1321
16 918 2192
945 894 5659
762 80 9453
983 747 4974
886 304 8953
770 831 9823
83 789 73
791 82 3947
762 33 5426
769 437 4087
655 907 1385
33 681 929
456 15 3802
158 366 2714
653 586 1432
654 33 2491
977 682 2808
863 961 83
321 275 781
777 927 9883
7 761 9910
884 188 5698
891 863 8200
690 685 6914
532 862 8772
242 86 9411
991 892 399
184 788 7509
253 160 5819
189 718 606
301 513 1555
7 148 2296
678 26 603
983 139 5348
165 581 4947
430 171 1190
986 779 9147
648 183 1305
836 788 9980
511 471 3724
670 882 7572
152 683 255
894 721 527
828 873 1704
570 887 368
773 822 22
260 441 5296
610 374 9728
537 575 7476
645 438 3048
294 508 3305
172 414 900
342 809 1639
636 444 5936
939 901 298
583 684 7080
96 207 9117
163 72 4273
912 357 9094
841 838 7858
752 799 2874
98 723 952
57 113 335
375 752 2281
392 426 4203
552 712 1597
714 382 8806
893 704 7999
180 708 3208
360 624 2951
367 488 9791
6 521 3745
627 761 7490
515 210 3354
618 212 9510
701 995 772
416 108 3029
364 945 356
148 49 379
189 733 5020
383 789 5728
135 201 2537
979 799 3667
879 909 7961
933 544 7704
650 169 3160
273 303 3603
898 588 2390
627 479 4131
567 930 5141
288 579 3491
646 915 6309
956 546 9980
426 539 8905
389 605 6857
938 698 9569
673 557 3222
668 436 3442
676 842 8840
403 461 2787
64 773 2262
220 379 1357
578 173 2173
387 417 4166
975 259 268
381 448 4234
482 439 1722
625 272 9593
924 241 7844
927 976 754
982 390 7834
151 60 4075
306 811 7136
48 464 1633
81 278 6449
601 445 1758
963 106 9794
524 566 2043
94 236 3976
518 238 6249
706 594 4541
184 32 52
502 144 7261
676 242 6715
491 125 4685
423 604 528
559 255 8422
670 64 1446
648 649 8161
489 977 107
200 70 7608
562 525 8342
747 855 7708
961 689 5155
971 657 9087
357 455 3391
635 739 1065
714 88 7478
995 98 6708
208 413 5803
539 998 430
461 194 3355
213 344 7719
399 171 5996
225 40 5415
291 700 2603
978 595 1414
646 809 6944
332 276 4538
348 831 5173
657 496 1170
61 301 9572
430 371 9897
700 88 7903
416 109 2330
634 631 5885
353 342 593
877 610 6576
999 406 4321
137 80 1536
769 489 7911
106 589 1837
864 324 3286
176 337 3323
340 897 762
514 731 7294
371 13 2786
550 512 6384
722 273 1710
1 442 8934
608 45 2321
906 63 7135
984 249 4992
539 201 4754
636 293 4232
821 608 4900
57 578 3961
866 677 575
680 449 3109
802 799 1296
785 644 5844
779 701 5646
713 374 5506
293 211 7185
838 284 2653
729 812 4069
421 543 3597
970 885 2664
606 72 5369
474 516 4627
682 939 389
149 675 7458
747 973 8433
732 672 8840
368 675 7370
751 398 7676
388 910 4771
383 330 1169
515 91 5627
629 933 749
488 569 6254
987 796 6735
373 232 5600
136 227 8616
954 798 1384
371 349 1256
861 629 1593
92 937 3275
288 366 9125
125 615 3804
612 162 5429
495 152 2018
840 686 609
281 788 5333
501 58 3874
925 956 4748
797 946 7495
755 587 3644
182 799 6134
177 208 795
500 877 8039
623 61 1530
56 936 5093
914 973 3842
633 715 7195
65 72 3194
939 880 5531
866 582 6594
760 516 70
348 542 9060
357 829 713
892 592 6829
901 741 6061
193 175 6270
140 900 6247
355 12 3393
964 55 4071
458 39 1286
26 626 7979
611 638 9623
897 330 9445
397 955 9800
242 878 1523
70 342 7688
358 344 8137
63 810 6962
759 492 8244
841 191 1309
884 908 4221
286 451 2258
962 220 3365
115 517 8154
682 606 3726
471 465 1572
680 481 1176
38 167 4195
253 143 1023
327 44 8363
230 119 546
703 282 4276
532 572 669
92 452 9068
935 805 3497
83 258 5985
281 799 4449
575 261 34
688 77 4247
491 66 199
197 24 9784
570 775 71
871 215 5175
55 357 2115
543 24 8940
494 530 4590
457 483 7705
339 90 3822
350 281 982
618 141 4092
922 775 2851
305 768 3975
653 184 7724
961 496 6796
769 760 5349
367 206 759
281 220 1679
357 927 3949
967 391 5222
888 276 706
571 253 1323
437 723 6512
274 590 8514
175 6 3326
292 900 6001
538 801 888
504 961 5247
197 460 1324
544 842 7109
846 264 1167
677 135 6759
21 350 2260
277 355 6258
659 972 5469
403 352 8521
466 144 3279
73 547 8518
140 937 2969
300 28 1021
391 222 8550
715 35 6530
15 73 6289
950 371 2302
188 777 3921
861 958 8654
451 648 7646
980 193 1215
714 792 8254
821 437 2530
191 513 1928
6 976 1028
84 946 4307
736 792 7800
167 678 4613
83 702 2862
912 368 8905
527 841 288
983 796 8098
867 268 5307
287 685 6286
684 765 2922
315 255 233
927 72 56
453 690 9856
452 40 8002
467 757 2668
301 781 1049
190 805 6017
596 138 7622
679 345 346
10 323 5068
920 148 2899
100 977 672
405 444 268
803 685 3149
842 339 4661
659 847 4099
891 249 6152
336 644 8298
684 612 4195
537 94 4301
863 71 3042
621 467 3980
650 720 9208
342 241 7406
229 799 9975
316 55 1520
614 341 8662
537 675 3644
5 867 9007
766 475 7878
987 677 7541
384 651 2530
748 917 9543
757 833 6470
423 858 1013
432 652 9409
867 194 9454
48 247 4600
726 367 316
696 416 6764
312 351 1086
659 490 4669
331 833 4249
508 459 5588
742 833 258
873 855 4706
52 583 4246
646 846 4216
183 609 4021
484 928 3685
805 119 6069
190 716 13
116 280 8573
752 593 8630
909 348 7703
610 64 4717
881 656 6365
620 43 5136
531 688 9511
504 801 1944
935 994 7564
448 847 8572
294 235 2735
852 940 6721
200 41 1050
862 208 4205
672 559 7945
741 604 8718
825 453 1189
953 877 5742
71 487 3509
512 955 5542
34 250 6059
738 399 985
517 516 9817
274 934 8415
771 1 2932
170 849 4932
859 236 1641
479 334 8178
631 487 4329
879 798 6140
99 653 961
264 230 1071
382 671 9955
70 952 7284
286 573 7285
504 237 5361
81 474 8043
235 225 8076
155 490 23
204 179 4922
76 479 9559
942 965 8395
704 83
216 62
496 102
329 545
808 119
487 132
234 829
337 521
706 704
382 921
487 645
646 457
860 387
297 26
443 707
318 861
606 988
662 909
305 807
847 202
