1500 2000
736 559 1221
495 199 4014
339 1188 5409
783 151 74
1152 1066 6876
939 111 9477
1238 998 1164
1098 302 5064
297 1258 1055
858 799 2208
1326 1475 7644
374 1132 4033
405 224 382
904 800 2656
369 1240 5730
302 656 1292
1000 710 8673
133 50 7244
193 408 955
1051 1101 8314
404 526 5023
1348 517 9376
905 378 340
1492 748 8682
304 104 2860
1164 1017 3401
1372 1171 6988
799 663 6351
1337 31 7711
1388 383 8925
653 264 2803
526 1277 4353
1485 1106 7336
1205 947 2256
282 805 9112
716 236 7724
533 1008 6154
25 742 7916
722 790 9892
655 1277 6394
608 1474 6113
1168 1389 2853
1068 1239 5721
1065 545 252
528 592 2331
1427 291 6283
1091 49 7315
540 1203 7023
796 849 3455
804 1034 457
499 1423 8737
1062 404 5985
916 1448 3000
1139 1134 8459
344 304 9244
466 1288 680
1217 745 9029
1062 643 2515
900 499 7693
1133 1283 7173
480 1170 2485
974 1020 3292
1038 1290 1205
856 725 2175
759 840 3359
630 1183 5597
755 1347 368
1217 1200 7005
776 434 4044
1122 301 2622
777 484 5269
1463 262 1826
5 1060 5727
1468 1335 5353
659 1432 2266
37 985 3881
351 332 6814
1099 56 5290
794 460 1629
1246 847 3713
377 1177 7461
1187 694 5712
262 1305 908
256 1288 1971
1208 1367 6682
1345 98 8099
1352 602 1056
1436 20 7757
1010 833 8649
849 1371 6423
1424 1069 1086
821 501 3037
363 314 2406
962 396 990
363 1271 3474
373 783 2715
1459 590 3535
686 1465 90
918 111 3969
1151 1361 882
1096 1395 1640
281 1355 6589
88 117 5355
603 332 5223
1375 1100 1293
947 1080 670
1364 410 5458
1014 1387 5601
870 815 1877
237 266 4508
643 1163 421
1088 526 6052
732 1404 9443
1415 323 3355
139 1463 1612
1497 342 5408
513 867 8923
353 1141 5738
1123 1383 4667
1323 509 8180
379 180 7691
148 1435 1399
110 1476 5999
601 213 1842
1317 298 1617
203 1007 7274
1098 260 8828
281 454 797
862 499 8166
753 994 610
481 128 3621
1375 1360 5244
1068 1200 5135
1297 701 6572
774 1428 9999
1189 872 193
829 533 2845
737 14 5254
1161 1417 9952
162 835 6761
1096 241 2172
775 1320 1195
414 1479 6161
827 223 5260
812 54 6458
649 980 7201
1336 87 243
711 988 3001
218 829 442
446 481 5923
559 1432 1269
1205 89 7741
1026 1008 3261
629 915 4065
1468 136 6205
949 654 4998
673 823 4748
1096 568 4038
953 943 7773
1021 1249 3671
442 140 631
841 1218 1899
941 129 5706
672 653 5512
1376 1312 4972
980 1076 6986
891 1009 7384
1331 1320 3886
1140 820 2731
1215 1010 4655
1339 105 6720
814 1252 4804
460 652 1217
3 1136 480
1362 1420 6257
952 1226 2968
1294 609 9651
1222 834 8592
450 812 462
966 838 5983
312 1251 6232
331 330 8853
126 7 1212
838 93 8756
594 1326 5469
111 924 8623
1070 430 4393
303 487 6074
790 585 3434
532 646 7695
1160 960 9346
130 89 4712
802 449 3840
136 590 44
1095 484 1668
1158 98 3867
927 821 7463
723 456 4829
185 1048 3165
284 1396 2572
1269 1281 9922
341 1304 1974
56 292 7455
801 1084 3773
545 482 2459
344 816 946
1364 5 5786
378 324 5330
1339 82 1736
1331 850 3364
73 810 5915
509 465 4086
1143 240 6034
1198 1075 1864
803 1132 8504
1191 244 9102
162 539 2614
1310 1335 9368
700 1172 8755
1131 168 7251
112 1415 7605
1391 543 7861
1108 617 925
449 174 8698
1221 1165 3400
742 985 345
158 1019 7296
1418 909 9282
1437 1280 7337
407 1327 4558
270 1061 221
451 1195 6996
310 68 1933
164 131 9153
806 706 8434
892 584 2375
964 934 9269
418 741 8574
1478 51 2942
76 1167 3047
213 1052 155
276 1471 2383
779 19 8948
538 1047 7957
1327 929 3976
1255 1272 4029
982 1239 6488
482 255 7267
1288 90 1832
1407 794 8979
1499 551 8177
1240 338 643
371 1271 1398
1055 1453 4310
502 331 7150
1420 63 8630
465 738 5588
804 1151 5270
192 1184 8727
29 766 9738
123 643 4337
1402 1451 1662
1425 530 307
1084 1284 5419
788 398 257
1199 578 3075
977 955 8612
743 931 7151
1124 707 8067
63 1491 1159
466 249 5009
1308 1206 9339
149 859 2463
1418 199 6979
898 674 4974
464 1132 9886
689 1028 4713
618 1200 6344
806 1268 7714
367 1380 3469
605 45 5898
811 433 7673
284 656 1378
709 1410 1988
195 0 2743
153 282 9967
296 427 197
761 360 8936
627 654 9184
253 485 2312
138 630 5902
475 995 1
219 276 214
1162 1007 8060
85 143 4713
550 888 4946
199 1439 2770
167 584 6533
902 93 956
570 1461 3651
419 84 6300
774 546 2072
699 1162 2239
1211 1103 2985
620 910 4603
1193 918 2311
245 595 7525
1055 342 3530
413 271 4703
1115 1266 8073
1108 29 3014
481 791 119
1301 711 6206
1163 1458 5007
301 1096 5581
1359 236 9904
894 709 3942
366 987 5778
559 244 9327
236 234 4095
718 1068 3592
717 275 3559
1096 585 2970
712 783 9336
871 943 7159
779 1018 4163
1037 207 8274
1264 1491 2223
1246 1248 2660
742 1364 7344
1360 1029 3267
909 929 1705
1462 1 9416
686 72 4722
1353 1277 5529
776 300 6965
1000 210 7379
1473 542 2930
96 883 2446
1300 541 7306
1016 1396 2768
54 964 6795
1148 345 5560
215 1363 1065
498 455 8067
888 1491 7365
1084 306 4399
920 56 3204
489 581 2726
1243 255 4628
1188 372 5939
716 1022 2974
311 1146 8295
521 1020 8029
1186 1306 7074
1143 76 4118
299 718 9700
220 87 3461
1420 344 8599
805 819 9529
645 113 8565
946 662 7420
180 170 5635
1399 452 8945
431 774 9055
82 933 6781
499 25 6957
1359 329 9390
65 1397 5755
1454 511 7826
415 691 3372
671 127 4412
659 167 8312
1244 1306 8645
1434 1331 797
140 906 3315
414 682 9261
866 1484 6964
1191 1025 5891
340 684 3090
327 1171 5722
1213 752 383
1435 1378 3529
1206 666 8555
1060 820 1845
448 1322 9777
1079 1322 2482
1376 638 3252
119 975 1963
1168 1331 177
1261 1201 8660
1457 727 8049
570 778 6158
1386 659 9785
1124 1182 4671
992 781 6287
1179 1406 4470
312 1206 661
1348 1220 2006
400 1153 5397
881 1313 707
586 858 4031
1260 671 7234
79 1455 1271
1024 524 9988
477 1068 6126
1228 1367 9320
984 1016 6379
212 902 7713
620 623 8739
1367 1125 4715
743 1159 7104
229 1332 3354
538 585 4991
654 464 6662
1282 17 5361
676 608 7443
502 323 786
1116 1133 3486
479 1209 673
82 308 442
169 611 485
218 839 4239
58 479 6544
1052 1072 8321
508 392 2236
1089 357 7394
922 833 2391
898 727 9779
19 1011 7921
1106 1166 1713
10 319 320
624 602 4613
51 297 6951
1075 804 1733
1382 1473 8567
1266 1068 8319
1267 716 3096
1341 1031 3957
343 1084 2161
135 783 1057
766 592 1986
1249 291 7617
102 176 2526
407 36 1605
1377 770 5771
101 472 7080
1281 362 5559
177 303 5518
1232 1095 9147
374 1030 4508
796 399 4852
119 52 551
902 911 8413
1040 275 3852
378 1145 6231
907 33 8418
332 1188 4317
681 932 7810
1429 176 4733
226 710 8623
782 147 7545
858 1246 5314
884 707 4410
841 645 7632
46 1468 2452
417 1364 2842
1448 1134 6994
841 1297 6321
84 1149 8419
547 1074 887
671 1338 6806
1491 367 3355
1039 1093 4024
203 645 2382
1408 668 8789
1005 1230 6101
1194 904 6480
342 1122 4706
1223 282 7096
1082 1325 938
1220 116 9614
960 1392 8009
99 412 6790
468 154 2252
543 336 5727
1375 282 6077
1429 758 6102
755 644 2600
1139 805 7572
751 138 1510
380 896 6622
258 1055 5278
555 1495 8388
1221 948 9614
1467 844 8965
1380 69 9354
162 419 4681
392 1191 427
568 1469 8434
421 1322 7612
665 784 1862
178 890 1636
1209 706 297
1079 116 5867
1310 865 3598
1394 86 891
945 1090 5918
1123 49 7640
5 1042 6807
1292 1157 8284
1403 747 989
1130 103 9817
957 455 2458
543 926 618
433 770 8503
615 1062 1813
1304 355 8312
867 440 485
597 295 8757
426 439 1044
340 986 1948
1065 361 6446
928 255 3089
242 236 8383
383 1000 7015
1368 1026 330
1264 1301 2747
305 430 7817
103 1354 742
830 1475 2451
114 893 6064
174 236 3476
584 262 96
243 348 1715
941 586 2112
1431 680 5375
307 286 5233
1266 34 4362
881 683 3234
1455 1494 6627
964 1151 6386
1058 1476 2691
260 51 3267
1272 741 7383
1445 1274 1547
1154 698 1061
289 473 8013
650 664 4784
592 1479 1534
1107 916 4593
500 269 6137
464 293 141
1400 802 3814
1142 1194 7
1083 1392 1427
693 308 2805
1228 1453 3541
1187 1103 9015
782 902 5881
437 153 8630
506 973 1151
1291 1088 2028
803 686 6269
1256 409 1241
1280 1080 3237
172 271 6867
60 699 6043
555 823 7954
418 62 68
1288 374 6488
555 1063 2454
245 1097 1336
842 1028 4967
1191 358 5956
1078 1466 5480
155 1452 9726
1210 762 5251
23 825 3349
96 1373 3564
393 1271 3119
1328 732 5161
818 1272 4777
329 398 2588
332 50 6667
1168 143 4229
1226 614 8181
173 854 5948
1244 637 8455
582 464 4279
931 616 7006
314 766 1550
609 139 848
148 1221 5846
385 344 1835
1208 279 3209
462 1189 1018
1383 427 9323
620 677 8384
1103 1396 4032
1390 721 6863
1068 91 8106
1208 547 8362
759 1391 4569
107 810 138
900 1380 1004
238 1051 9668
1417 758 3014
1285 1126 4328
774 1075 1915
310 1447 6174
168 884 2006
887 1182 3577
575 987 2496
691 1050 3334
1230 1032 4604
1414 342 9497
1016 165 2206
41 266 9008
684 1378 3723
1405 1470 6863
1068 1394 2387
368 221 8796
1003 1327 4170
541 581 2094
211 81 2689
809 1118 9032
631 38 1175
34 1427 9555
1213 857 4261
609 531 5209
1321 611 1975
289 890 4580
205 896 798
408 713 1166
463 236 5652
134 306 4052
913 1290 4731
254 782 3552
716 982 7163
1309 110 1925
602 831 7593
1225 567 3992
751 1315 3113
1141 1231 7613
673 760 7695
655 914 1732
49 925 1090
679 1292 9309
660 1027 1085
413 521 9674
196 1200 1980
1388 418 8863
1357 1250 8241
1248 1362 6402
1080 96 6872
1371 1339 2572
1265 246 2643
488 763 535
205 1219 6699
540 1044 7765
267 613 1493
1469 970 1999
286 551 8943
1118 64 5105
805 1397 8280
1253 916 8244
1085 747 1020
198 295 1225
1170 1103 1578
133 583 7662
1417 1495 6269
1170 729 4343
154 17 2363
1156 1116 740
88 136 7450
1296 1437 6556
277 286 4237
1186 1035 4907
932 509 27
424 676 4683
300 138 407
1011 1319 1709
427 774 1306
488 1235 1600
995 473 1536
1042 1201 568
946 755 1765
566 1107 1568
807 897 3366
1089 921 3834
97 1271 5369
379 705 8271
399 299 7258
397 199 6581
762 20 6818
560 1419 2324
985 1467 6906
878 1151 2289
508 1280 2238
1317 426 519
795 1336 5352
326 1362 9899
1144 345 7648
564 1408 8101
199 1361 9284
817 138 8500
700 171 1688
1477 295 1789
91 862 1533
1149 1484 5277
1403 1261 7975
859 359 1515
119 634 2471
935 871 3680
754 415 3061
435 245 1361
1332 500 1203
1343 715 581
1220 853 1467
1069 1362 1340
263 920 9556
1195 710 7204
1168 1023 6578
1249 616 4738
1465 865 9288
1385 1152 7683
1481 745 5766
1007 648 6228
173 873 4353
596 1394 1510
831 674 1347
200 1053 3543
1080 121 5887
666 230 8223
8 326 1853
579 1012 7790
437 1055 5652
90 1283 1984
260 782 9058
46 721 9340
366 959 2632
587 1490 316
174 666 1599
1205 1139 5627
211 154 7966
967 244 1223
1090 1413 2543
1380 1063 8475
496 1267 5261
924 923 1480
712 332 7252
945 362 8428
24 464 7848
317 93 5944
1017 1431 8134
98 267 3226
788 111 910
562 751 4020
1185 1389 8610
1041 1080 5952
664 1200 2354
868 1092 6218
585 396 7841
1051 731 664
1176 1236 8859
1159 212 9384
16 301 8928
1426 568 2435
1255 1149 2432
1408 1004 8365
1200 981 5415
900 848 8404
282 161 7458
91 416 4040
253 617 4169
205 931 5648
287 1438 8756
855 332 6046
1249 1487 7605
501 48 8595
1393 1185 1763
550 540 7717
61 1231 7695
640 884 4850
1095 621 4894
1303 1251 5294
960 51 8597
701 1338 2033
1127 744 2540
1028 1411 7363
1384 116 4072
80 524 8919
1220 69 9320
289 307 4990
1059 1199 545
583 100 6816
469 1364 2938
327 122 516
1256 327 9577
757 1305 4036
186 479 7405
573 1009 3866
1353 975 5018
1283 11 4771
365 489 9152
1051 793 9332
1328 1168 5972
1325 553 4302
624 36 1213
1482 851 1657
406 1033 654
1420 231 3082
31 354 4485
186 1295 8732
1187 838 8329
1092 55 1105
347 184 3952
672 623 3651
1423 1350 2025
634 221 2071
951 74 2177
1114 1057 651
1280 1369 4583
803 612 7648
1122 110 3152
728 1421 7585
1056 425 9171
1049 1388 5683
1107 55 5101
1288 1245 893
170 662 6256
1451 204 9176
280 1451 1959
1281 254 7589
461 356 3303
466 269 3781
826 713 638
1166 156 4235
829 1347 8157
649 1269 7592
151 732 7036
406 544 1366
832 686 7115
958 416 6987
315 1078 9696
304 843 3661
476 1176 2166
402 1454 8338
374 794 9743
1205 84 9931
800 111 639
617 17 6243
556 1053 5662
144 935 3184
1169 951 5022
573 552 7533
1056 517 7328
573 618 7953
977 202 6514
1416 317 1579
995 633 2039
901 88 2560
857 905 2575
1282 651 9046
1406 1487 8840
469 558 268
1336 612 5277
218 1001 8784
123 749 664
31 641 5133
74 832 1326
199 1086 1020
505 858 4471
364 306 7417
341 51 8056
1152 894 7594
1083 730 7189
595 230 1128
479 370 2392
918 57 8479
832 1288 4043
328 765 4047
1083 1055 435
507 70 8229
553 155 9025
611 1206 5474
2 417 9294
1006 308 9386
469 627 240
1312 119 7675
221 273 3961
1019 199 8349
760 789 9783
640 588 7528
792 367 8600
1174 839 3186
277 46 5442
1230 703 4703
1002 152 5152
807 1475 6501
881 537 2719
202 318 8706
1340 298 5836
1344 1172 6811
271 1405 710
1433 1173 3669
1200 310 3487
395 68 4711
745 1270 3612
1357 690 2147
396 57 5599
1410 15 8192
812 778 9381
1313 1011 7656
714 653 9865
622 871 5929
332 372 8125
647 1092 4696
50 936 2906
196 493 2915
363 416 6896
328 1496 5298
233 591 9088
154 899 3333
749 623 2715
1184 903 1458
464 635 8474
1278 1221 2156
1345 811 607
955 1024 303
725 1288 2754
381 390 1445
716 679 4007
128 423 1646
132 570 1342
156 344 5168
44 577 3993
589 1336 9004
519 216 277
215 1148 8451
679 664 939
391 868 7232
1218 1410 3063
23 110 7353
532 886 3388
1451 1441 4330
894 236 2500
1079 1135 3877
238 1421 6345
1345 742 5367
688 240 7609
1187 24 8680
443 1415 3228
1007 1352 9720
1419 27 8072
231 409 2561
1245 43 2598
390 244 6656
325 1087 6309
989 1259 8481
531 731 5997
721 882 3414
220 422 9591
34 941 7451
1246 1207 4693
432 1408 4988
807 124 1043
1418 861 6497
1497 293 1340
143 479 6176
1005 204 4983
143 43 7704
1336 973 8723
672 10 3831
1068 910 7511
332 779 7691
1449 530 8670
974 912 2776
1499 1475 3089
1450 1208 1403
346 1056 8827
306 1309 1377
1028 634 3991
43 1293 4105
1384 588 7361
944 356 4057
521 197 7445
324 515 8025
1136 795 8278
1439 13 9355
255 1026 7551
938 1413 6503
852 666 7133
940 1483 919
395 233 3659
1462 1000 4702
829 22 5985
1248 845 4943
718 1271 2659
1252 1173 2900
191 1366 5667
882 495 6278
12 1363 4206
1267 982 149
29 122 7559
628 885 4257
607 1464 162
1101 344 3525
1454 684 2424
1323 792 9004
1189 1347 9783
414 1300 3616
962 716 8617
129 1047 3195
27 338 6111
653 256 8979
668 178 7336
513 1117 6500
580 1258 4475
513 139 8204
349 744 8990
540 659 1893
654 58 4427
885 523 1103
114 841 9764
1189 30 4080
890 809 732
548 419 3207
1256 1280 4824
529 825 9327
604 804 9996
346 188 243
789 297 7250
163 1440 5439
816 792 811
334 1208 9901
336 355 70
849 1108 4457
1099 1211 4906
1030 170 2769
1385 180 5885
1364 1444 7812
1160 437 6490
33 871 236
1336 1347 3330
885 149 9069
895 971 4625
156 815 1161
325 87 9730
80 350 9946
1123 311 3746
829 640 565
1069 354 5596
780 1469 7506
1071 1088 2674
607 266 1205
735 610 5782
998 504 8066
152 1457 2868
530 300 218
1172 1335 3204
666 462 719
253 853 3636
32 1457 8790
1202 917 8366
1079 1178 1321
245 317 5838
801 1459 2694
221 58 7390
651 497 7544
472 200 6894
1010 483 3523
1305 1472 2580
599 743 5369
907 400 4048
1442 71 5292
155 1442 4129
32 504 439
51 974 1085
1031 1170 5313
1121 897 610
369 1005 7774
856 1425 5388
722 1373 7688
596 218 9062
930 76 5608
926 912 7066
785 724 4489
1255 589 2955
364 186 2825
1038 1340 6800
437 792 6815
972 1474 1908
1372 1360 2436
464 532 8556
770 939 6674
1290 177 6003
710 198 6822
1224 508 877
930 560 637
193 833 7816
447 860 8908
575 354 691
887 661 7500
264 190 7183
719 136 7064
343 806 2951
294 341 1008
1468 282 8313
1230 505 3454
169 224 6736
1411 483 4270
692 867 351
1030 954 7420
822 1054 8910
1369 532 1815
1217 135 5416
636 1238 818
724 996 7090
648 1061 9800
1483 598 2607
1227 1271 143
546 7 3193
1005 1490 3835
432 1124 5147
1394 715 6124
47 1429 8718
227 127 7361
814 708 1937
1292 287 9855
1055 1288 2253
231 1055 3562
495 1160 9951
1345 375 4410
1368 1281 4392
1368 553 7730
462 381 9580
755 92 2252
1162 646 3773
195 1421 8764
394 1456 9351
796 1231 7647
1082 835 5478
235 1438 9951
453 194 150
34 329 7933
221 147 8150
1466 1115 5239
715 597 2547
453 1403 9093
277 926 783
1434 441 7805
138 508 1705
298 1264 5592
821 868 7957
32 539 7247
1442 121 5982
1110 1241 9907
1173 741 7626
1475 322 1506
1482 1241 6258
283 165 3341
1346 628 9108
1494 344 8782
736 1061 2001
866 1217 3984
820 1187 1985
677 343 9855
918 1004 9974
336 117 8760
821 951 5982
566 1210 9911
1238 41 7884
1026 253 6959
1064 517 4669
896 1072 1397
390 130 7044
1124 622 4467
130 970 3629
855 100 8045
131 1119 2183
1048 327 6631
47 1476 4391
1185 582 2997
1258 76 9453
317 1358 1954
409 517 6859
497 475 9137
538 200 798
1277 512 3026
232 77 7430
1093 1003 4433
1379 1293 8482
22 67 818
193 274 2222
880 324 8262
716 693 7871
1278 445 8077
102 1067 3376
155 682 5886
630 445 3430
51 1423 2368
409 1000 8492
450 434 575
848 410 8599
586 1380 5730
375 603 8204
71 785 2571
1380 1115 8306
241 1115 4315
1489 612 7801
956 1319 3129
559 20 6950
602 920 5872
325 969 5946
452 640 7595
325 552 4954
977 496 7841
1004 976 1787
1131 873 4431
779 1031 1790
1073 462 4184
558 506 7929
1203 70 1947
279 124 9720
1134 373 7104
171 1498 6972
369 599 6164
52 818 7195
1006 1135 2888
925 437 4857
860 787 7904
993 301 5003
1453 1298 2439
1060 365 5211
1278 1126 8046
760 1165 9398
161 66 7379
403 1453 1695
610 770 3980
58 441 3761
793 1240 8939
1429 191 4741
3 542 3491
568 1389 1279
1498 1098 5299
724 170 5701
732 396 6880
107 8 6604
767 295 5980
916 516 4245
1262 1441 6796
436 766 8005
931 147 2163
841 1032 836
1386 681 7198
506 1011 3347
903 449 1198
770 1131 5340
970 598 6206
1186 977 2204
984 616 5722
321 759 9981
379 1406 4663
555 1352 2400
684 218 8939
58 210 9647
309 232 2585
1128 1486 7974
1350 207 1638
91 154 3915
160 227 3873
535 439 1547
618 563 1572
1275 422 4493
1401 663 7567
175 946 5479
338 42 2454
837 260 3403
0 469 2604
1433 942 3257
1319 504 9886
719 764 2804
1075 987 242
1160 1027 7126
618 483 9393
748 1464 8679
4 1011 5294
1431 1128 3636
461 846 8323
1092 181 9608
1027 1487 6359
1133 143 9979
699 517 6930
323 772 6558
1184 834 7561
1269 492 4961
700 1289 8706
498 466 8946
474 881 1778
1460 654 4859
1466 1239 1314
1166 764 4239
321 1269 2464
125 993 9510
506 432 6945
1435 1266 904
645 1115 1124
399 579 8249
766 34 160
550 1003 248
941 206 4353
23 735 8548
836 1123 7964
635 676 7974
1106 1466 7594
176 518 7852
497 1341 7781
477 247 3464
1185 254 2870
1192 1211 9333
459 1030 3953
429 604 758
1462 226 994
513 542 365
1030 811 8862
114 925 2164
1356 1472 3039
433 731 1807
492 382 8983
444 393 7909
193 782 8515
472 981 5308
836 1222 100
261 176 2694
699 1351 5612
522 1391 9854
22 282 62
446 1415 2781
1387 845 9241
512 94 4831
846 1354 2389
374 742 4354
1421 1346 3156
390 986 5335
323 779 7788
1244 943 978
127 1178 364
985 631 1863
1244 463 7515
1401 481 5463
339 526 1222
429 863 2397
855 80 8217
476 256 4510
825 821 9876
975 531 6861
552 431 4491
190 775 7309
778 212 279
1417 162 8700
1375 94 9952
271 433 1622
400 127 5317
1177 1381 1829
1018 294 2086
1282 1252 7685
8 537 9226
1063 908 911
99 887 7032
948 273 7740
875 858 540
1001 1448 5485
735 140 475
605 488 2819
985 530 4652
591 1329 9481
1248 836 1558
500 1377 7722
538 1106 6742
316 1063 8188
296 696 1530
108 828 4745
593 162 1819
1469 1033 2511
40 1067 2812
275 1059 2430
550 1214 1880
837 426 9525
135 927 4418
914 673 6261
915 1241 9560
972 115 8668
346 96 7053
116 1486 5352
394 765 3241
621 1043 4920
886 201 935
885 535 8925
1448 1453 7398
477 699 1837
123 1405 3614
472 770 3718
894 110 2197
201 618 6945
760 589 3669
215 1435 3043
974 331 4444
647 769 338
795 590 2583
969 1440 3901
700 433 6544
1137 304 8390
827 634 4464
391 780 7088
269 566 8210
999 676 7556
848 390 9142
1489 916 45
767 867 2783
698 190 358
31 128 1988
679 1157 7014
981 1444 3790
117 1436 2698
1307 1062 2905
1258 819 1003
1428 786 1312
1001 930 3228
581 72 7267
571 1377 122
643 478 1073
606 518 713
1301 1014 1386
1103 113 8334
270 520 5161
290 255 5998
44 396 5442
319 250 4066
1388 1091 7941
505 1301 3500
1462 66 7334
540 1173 3742
770 747 6846
1386 701 7695
1177 459 4719
1208 774 8230
1012 1207 1201
1431 554 8416
559 14 5158
20 388 3292
1040 117 3949
350 954 6496
508 920 4425
457 812 9992
1388 780 4049
108 1456 3614
371 575 2390
539 911 7432
994 1462 7105
244 426 2525
1389 614 2087
896 123 169
62 1427 3645
146 989 316
31 1466 7556
961 565 7491
1319 40 6553
686 1387 326
383 397 4952
163 1424 443
1333 540 5599
819 536 3823
324 1448 2674
1132 226 4680
873 72 9648
424 994 7539
861 872 4721
34 882 9368
821 418 8606
72 1231 7413
1198 936 953
1015 337 5662
958 300 9067
1409 1379 2415
756 1294 6372
316 1490 8708
205 1189 5545
448 351 3265
1412 1338 5801
1318 1321 6560
42 977 2348
949 643 2698
1333 135 700
671 1421 4600
1325 1287 7258
657 701 6797
1365 1352 567
766 656 3477
568 352 8289
33 236 8950
691 164 4262
1256 965 1386
189 219 2835
196 587 7769
1115 654 5997
799 875 2105
1170 500 7658
947 87 3548
726 762 2054
1062 841 9301
1340 578 4391
1039 1015 86
1025 130 101
525 267 9030
1379 58 7990
1294 1377 4567
1021 318 4599
354 872 1580
1490 1102 1085
598 679 7533
36 1392 2618
127 767 2652
1127 910 4328
699 276 6785
181 1293 8260
924 498 9014
600 739 8431
565 1139 3967
1236 571 3099
43 808 2203
316 259 2926
686 1347 5355
1288 561 3617
120 1326 5824
1047 778 3318
14 690 8902
121 30 4336
988 1271 6374
1019 164 1035
1332 548 3183
159 1172 6479
595 835 1303
618 297 7111
346 285 1586
743 379 1782
1176 1353 6989
995 1415 3250
103 484 5619
1048 534 9154
540 1016 6381
1374 532 7526
882 761 9904
765 676 7179
1165 145 4603
1049 996 3351
351 211 7829
798 692 520
1008 472 5009
273 494 5150
395 666 7466
460 1447 1904
488 1108 6925
913 328 710
668 1016 5583
537 1225 8374
413 439 2715
1409 504 285
1223 142 1498
1372 844 7814
285 998 8717
870 142 3941
156 351 284
248 903 5247
485 1493 5240
29 1263 2296
1396 1447 6400
1195 727 3564
1391 66 7188
1229 513 7922
173 1430 2802
3 676 1181
691 1226 7896
770 817 4624
702 435 5030
1442 782 7681
365 777 3027
169 522 3642
184 1151 2404
615 108 207
1049 196 3102
0 543 3716
528 190 6433
827 1033 8428
1395 884 4393
1403 1490 9706
392 223 5
1293 244 8624
1304 1140 4861
821 1362 8069
977 222 3270
1056 68 1760
484 733 8420
904 1174 121
673 1318 6118
82 789 6971
351 21 1580
795 120 1229
365 378 1482
1422 1307 7008
522 826 7993
1142 424 2329
110 155 1930
334 101 4896
1030 750 7096
1491 423 7925
463 559 7090
1314 241 8369
447 1252 4920
629 619 2442
178 781 557
54 627 8311
219 1121 3119
88 132 5589
865 688 5169
401 174 6143
742 343 142
626 418 3657
1093 763 6813
1197 1155 9818
1392 812 6482
562 1409 7583
1085 506 9670
168 1140 2603
184 846 2308
556 186 2509
1170 660 7288
978 1483 2205
1354 276 9796
425 987 2255
153 716 879
1428 721 1794
1311 1126 882
75 242 6033
615 146 3579
230 240 2616
123 588 9717
461 602 3652
371 865 778
508 1146 9915
492 1098 3559
671 955 5729
1302 228 1959
301 925 7356
1225 918 4244
108 1019 8985
1181 525 9807
323 294 8980
417 88 9794
1493 958 9961
1002 1191 7773
984 601 7331
135 1014 8792
1423 1178 8731
1477 1242 3490
519 783 1822
310 227 8762
955 494 8063
1015 1410 2889
250 1274 6373
604 152 6948
383 137 7861
1466 284 8724
754 512 5775
1084 1368 6418
1234 1243 9233
1459 615 8738
900 276 9676
429 1060 7111
669 1309 1258
425 1186 3593
152 1492 1145
325 1401 7710
215 561 2430
1418 396 8983
701 1418 5499
1473 813 4731
844 999 9949
1038 994 3250
148 855 8054
122 97 5074
1441 534 8606
699 504 8421
1421 901 9036
828 1188 8385
608 45 8442
1496 1087 6182
473 165 54
544 939 156
60 1019 2184
129 1223 5236
536 523 3720
900 517 1483
8 1303 2007
1326 1197 7236
933 1177 9642
1465 387 4790
442 289 2723
807 313 2006
774 499 6588
586 511 5198
674 603 8349
1445 647 6946
344 22 1369
579 374 1295
1453 749 2060
1291 1457 3293
511 786 2628
1216 140 4324
102 1052 5983
775 588 2613
32 665 9269
1355 298 4723
1481 1032 6385
88 504 1688
751 1344 86
370 1487 8002
967 1334 8294
1484 1266 2440
515 452 9394
173 308 9226
248 423 4634
1275 654 1575
210 682 1530
1070 957 8554
1186 1081 1365
1276 911 9777
337 382 2327
1180 248 4363
473 370 1541
515 443 9042
220 355 7420
1257 688 4107
659 764 1575
750 707 237
1281 1360 9784
1467 181 176
7 161 7556
278 805 6472
1004 1252 3
1231 51 9177
539 984 6205
225 493 6218
22 80 3693
1380 787 615
306 469 3999
463 676 502
1111 95 8477
218 1484 6085
98 102 6597
1187 1341 9839
1257 517 1693
391 1119 1776
1372 1123 4851
485 393 4487
341 606 800
1223 886 1973
367 835 1752
1415 770 4875
1233 477 28
1481 372 3848
235 140 6017
1422 674 805
9 454 7587
1239 1440 5720
767 400 1878
809 305 9913
1050 749 7349
309 12 34
352 338 2623
1239 325 663
745 726 1235
1243 1455 466
728 1029 8392
261 1216 8577
740 7 3093
190 1452 8512
1073 1319 8633
481 1010 9879
985 1083 5876
312 784 772
49 1283 8887
915 1468 9437
225 316 6883
1129 1322 9795
987 647 9254
821 1345 320
790 1457 9353
1069 1193 9412
181 952 8640
194 997 863
298 1485 3171
974 338 4031
714 274 4625
325 159 1013
1108 546 5075
652 1367 5085
651 424 9166
13 207 9099
1392 509 5082
533 280 5627
155 56 1341
995 1220 1753
1234 1463 7230
1209 868 1070
1405 1198 872
370 126 6693
227 536 102
377 1053 6745
552 1282 8384
1205 69 8064
1224 160 5086
1058 1321 4673
1109 490 4155
1081 1373 8414
36 290 9147
82 778 1359
345 449 214
445 1331 2085
1296 1199 3293
1077 858 3660
337 89 9484
702 52 9086
684 283 3239
409 675 6864
1287 652 6910
211 170 8993
946 241 4144
365 175 7810
845 1246 5277
596 273 3068
290 1049 3048
1092 1235 130
570 1122 4164
348 1302 6545
223 6 5353
1376 186 2793
940 1255 7053
194 1477 5824
718 444 1842
1232 815 3590
148 909 5361
819 103 1007
659 1378 7615
355 793 6725
314 1481 7293
838 843 6801
882 1400 4563
1380 1450 4487
973 830 6647
1092 1420 8728
166 819 8683
251 434 1006
1083 147 1391
720 460 464
929 1195 1399
297 1303 3020
1335 1406 2793
802 1227 9797
807 476 6849
1146 221 8020
341 268 4311
1063 1452 3161
477 945 1
189 1341 1021
948 1070 8062
237 418 6305
1378 701 5149
1312 741 1161
1427 275 4096
1385 823 5769
967 1004 673
1395 818 4130
504 523 1980
741 136 5459
320 579 3969
614 673 8
91 1004 9645
1030 1293 2954
481 40 9934
349 47 4746
1017 566 5623
1117 809 4873
388 1294 5106
1397 820 6588
1431 1386 4280
995 1139 4399
1273 732 7373
443 1138 6360
690 832 1380
44 1080 8194
1464 1252 3540
696 157 1647
476 104 7310
31 1400 593
492 353 7532
1095 1157 1720
75 1220 64
1275 1065 7814
1393 1108 7656
151 1119 7514
1026 1089 7380
428 237 8626
315 275 3344
86 797 5976
1314 371 1589
953 78 7562
580 10 9803
1027 154 4608
414 132 9265
75 1468 3439
1454 621 5723
642 230 3091
1194 1438 3387
603 1024 2597
1138 256 4805
286 894 1451
744 571 2409
466 915 1990
1368 222 9225
1323 107 930
546 31 3774
234 493 9874
719 466 4473
260 466 9369
1196 173 2395
974 893 6511
1030 21 5666
1053 313 2119
1496 1134 2099
530 608 1575
1306 1446 9284
707 1461 709
190 984 703
815 587 5399
1461 1215 3855
937 1397 4605
408 575 5171
409 85 213
74 315 7070
1216 454 9192
1432 1286 8908
303 81 9490
1481 803 8257
646 1384 3502
1376 884 817
1406 895 3183
620 69 8756
394 848 2724
1394 204 5268
541 1209 8500
203 914 925
1297 0 6111
120 196 2216
628 1106 33
150 48 8280
671 297 9080
714 847 4857
990 1304 8392
343 817 6342
1360 1134 4085
1082 565 85
1275 1091 9862
783 1499 9552
501 183 9196
799 1155 4825
415 641 914
1351 407 4609
835 250 9170
289 788 6557
696 554 4555
1487 1057 503
804 1137 2683
338 397 1550
813 535 7612
914 825 69
1377 263 1439
803 368 7997
766 778 8397
190 969 2065
1364 856 9816
535 574 2503
1438 1464 9417
1182 1033 6142
1 849 320
1000 390 8099
772 104 1804
715 1406 4094
805 695 8326
549 193
1215 1315
650 1450
91 378
71 776
1319 962
1219 917
200 1387
1429 347
181 1452
1270 995
1130 995
1185 516
1055 1025
581 1370
961 43
494 681
826 182
812 1034
1058 253
573 454
838 961
752 1376
872 126
1321 843
562 531
223 1485
233 1171
100 1162
1233 672
