20 112
19 5
19 2
3 18
7 9
15 19
16 14
12 4
17 3
7 8
19 11
14 9
11 5
13 3
7 1
4 11
0 10
6 18
1 2
17 5
10 7
6 11
13 2
0 2
0 18
2 9
11 3
16 13
12 2
2 5
8 4
2 11
11 18
19 13
6 3
0 11
4 18
4 5
13 17
18 5
14 11
7 2
19 14
1 13
1 17
14 0
16 0
1 5
8 13
15 18
1 3
13 9
11 9
0 17
16 4
3 9
2 18
10 6
11 17
4 2
3 5
16 1
15 1
17 9
19 4
7 5
4 3
15 4
10 13
10 8
4 9
1 18
2 17
10 17
6 9
18 9
13 18
17 18
6 5
15 13
14 17
10 2
4 1
8 2
15 6
5 9
13 11
6 17
12 9
15 0
13 5
0 13
8 17
8 9
16 3
0 7
19 12
12 18
12 16
1 9
10 5
7 17
14 13
12 7
2 3
6 8
16 8
14 18
8 5
7 6
12 17
14 10
8 3
