G M 30 194
0 9 4
0 10 4
0 0 8
0 3 7
0 5 6
0 17 1
0 28 1
1 12 2
1 11 3
1 3 6
1 14 5
1 16 3
1 1 3
1 22 8
2 7 1
2 15 5
2 21 5
2 24 6
2 20 7
2 2 9
2 5 2
3 20 6
3 22 4
3 25 1
3 8 2
3 11 9
3 23 8
4 22 7
4 16 6
4 11 5
4 3 2
4 20 2
4 28 2
4 5 8
5 14 3
5 10 9
5 12 2
5 7 2
5 21 2
6 26 5
6 10 9
6 6 8
6 9 4
6 7 9
6 20 4
6 15 7
7 26 2
7 10 8
7 29 3
7 19 4
7 23 6
7 21 4
7 16 2
8 1 1
8 27 8
8 26 5
8 9 2
8 10 3
8 7 7
9 23 3
9 28 2
9 12 4
9 5 2
9 29 8
9 7 3
10 29 4
10 17 3
10 25 5
10 9 9
10 1 6
10 26 5
10 20 4
11 2 5
11 19 1
11 27 9
11 11 3
11 12 4
11 20 1
12 0 1
12 20 2
14 12 0
12 8 9
12 7 2
13 3 1
13 0 1
13 11 9
13 15 9
13 24 4
13 8 2
13 10 6
14 18 5
14 14 8
14 4 4
14 17 6
14 29 2
14 3 8
15 8 4
15 29 9
15 0 4
15 14 7
15 28 1
15 5 4
15 19 7
16 15 1
16 16 1
16 25 6
16 12 4
16 27 6
16 22 1
17 25 6
17 8 5
17 6 9
17 13 8
17 1 2
17 29 1
17 7 2
18 6 3
18 19 4
18 3 7
18 15 7
18 23 7
18 22 3
18 9 9
19 28 9
19 13 4
19 10 2
19 8 6
19 29 8
19 2 8
19 23 6
20 20 3
20 18 1
20 22 9
20 5 6
20 16 9
20 17 9
21 4 4
21 21 3
21 25 5
21 1 7
21 13 6
21 17 5
21 9 5
22 28 7
22 2 1
22 6 9
22 25 3
22 29 9
22 12 3
22 24 6
23 1 8
23 5 2
23 23 1
23 10 9
23 16 7
23 14 3
23 11 3
24 9 9
24 7 9
24 10 7
24 14 7
24 20 5
24 25 4
24 24 5
25 19 1
25 2 9
25 15 9
25 7 1
25 9 2
25 12 9
26 17 6
26 12 3
26 23 9
26 4 9
26 29 5
26 27 9
27 10 4
27 2 4
27 28 5
27 24 7
27 7 5
27 9 7
28 12 4
28 21 4
28 3 7
28 18 2
28 1 2
28 23 2
28 5 9
29 3 1
29 25 7
29 13 1
29 29 7
29 20 9
IG
RA 29 20 
RA 29 14 
AA 26 20 7
AA 16 19 4
AA 16 23 1
RA 13 24 
RA 6 7 
RA 22 29 
RA 3 20 
RA 27 7 
RA 3 11 
AA 7 18 8
AA 12 27 5
RA 20 22 
RA 15 19 
RA 16 19 
RA 18 6 
AA 9 24 4
RA 11 1 
AA 9 18 2
AA 28 11 5
RA 17 1 
RA 14 29 
RA 6 10 
RA 29 13 
RA 7 16 
AA 0 13 9
RA 15 28 
AA 14 19 4
RA 27 28 
IG