G L 30 181
0 3 5
0 19 4
0 24 6
0 25 7
0 11 4
0 12 3
0 14 9
1 11 2
1 6 8
1 29 7
1 15 4
1 18 7
1 2 3
1 9 1
2 25 3
2 16 6
2 13 2
2 24 2
2 29 8
2 5 8
3 24 5
3 17 9
3 22 9
3 5 9
3 16 5
3 10 1
4 21 9
4 28 2
4 9 2
4 17 1
4 2 9
4 13 1
4 15 6
5 5 6
5 9 1
5 23 9
5 13 3
5 25 9
5 11 1
6 20 4
6 11 3
6 5 4
6 10 6
6 3 5
6 23 6
6 0 3
7 13 5
7 28 9
7 17 3
7 27 8
7 9 9
7 29 8
7 11 2
8 11 9
8 10 9
8 14 5
8 28 3
8 15 8
8 24 1
8 7 5
9 27 3
9 29 9
9 10 6
9 8 4
9 12 6
9 22 1
9 0 1
10 12 3
10 17 4
10 19 3
10 11 2
10 14 3
11 20 2
11 17 8
11 25 6
11 4 3
11 23 4
11 26 5
12 7 1
12 22 1
12 25 9
12 23 5
12 26 3
12 27 4
13 24 9
13 17 3
13 0 5
13 10 1
13 29 2
13 22 1
13 11 3
14 26 1
14 14 6
14 16 8
14 7 5
14 6 9
14 21 4
14 22 9
15 20 7
15 24 4
15 7 3
15 2 8
15 12 2
15 9 2
16 15 8
16 9 2
16 18 7
16 8 1
16 27 4
17 2 5
17 22 5
17 8 1
17 26 2
17 19 5
17 5 1
18 4 5
18 7 4
18 5 6
18 24 1
18 20 4
18 14 5
18 28 7
19 27 7
19 29 7
19 24 2
19 13 6
19 3 5
19 4 1
20 1 8
20 24 8
20 23 1
20 14 7
20 26 9
20 2 9
21 6 4
21 8 4
21 25 5
21 29 1
21 22 9
21 5 7
22 24 3
22 23 2
22 5 9
22 11 6
22 15 9
23 1 9
23 21 1
23 13 8
23 8 7
23 26 9
23 14 9
24 10 7
24 6 6
24 29 3
24 5 3
24 16 0
25 19 6
25 20 6
25 26 4
25 18 5
25 27 8
26 2 6
26 29 4
26 7 6
26 27 5
26 15 7
27 22 4
27 10 9
27 13 2
27 5 9
27 15 9
27 21 5
28 28 8
28 27 5
28 16 8
28 23 3
28 24 3
28 9 3
28 21 7
29 28 8
29 23 1
IG
IT