D M 30 210
0 19 2
0 29 3
0 7 8
0 5 4
0 13 2
0 22 8
0 25 4
1 24 1
1 11 5
1 20 6
1 27 2
1 26 2
1 4 3
1 3 5
2 21 6
2 12 8
2 6 1
2 14 8
2 26 4
2 16 1
2 20 7
3 12 3
3 4 7
3 7 8
3 2 7
3 14 5
3 26 2
3 10 8
4 11 5
4 4 6
4 24 7
4 9 6
4 23 9
4 28 6
4 18 6
5 20 8
5 28 5
5 6 1
5 16 7
5 13 6
5 0 4
5 17 6
6 27 8
6 6 3
6 7 9
6 25 9
6 8 9
6 10 5
6 16 3
7 16 4
7 9 3
7 5 6
7 15 2
7 3 1
7 27 2
7 25 7
8 0 4
8 26 4
8 25 1
8 1 3
8 7 8
8 20 6
8 17 8
9 18 4
9 26 2
9 25 8
9 2 8
9 14 1
9 0 2
9 11 4
10 6 6
10 18 8
10 9 7
10 8 3
10 20 6
10 12 3
10 15 4
11 27 9
11 11 1
11 24 1
11 7 8
11 3 4
11 0 5
11 13 9
12 24 3
12 4 5
12 16 5
12 20 5
12 26 5
12 23 0
12 19 2
13 24 4
13 27 1
13 22 9
13 9 1
13 23 4
13 13 1
13 4 5
14 19 7
14 25 3
14 16 8
14 20 7
14 8 3
14 4 6
14 17 3
15 7 6
15 25 9
15 29 3
15 24 3
15 1 2
15 26 6
15 19 5
16 24 2
16 16 2
16 5 1
16 17 9
16 0 9
16 19 8
16 8 1
17 1 5
17 22 7
17 10 6
17 7 8
17 18 9
17 14 1
17 29 2
18 12 4
18 5 4
18 19 6
18 25 3
18 26 7
18 3 7
18 17 3
19 6 3
19 27 9
19 4 5
19 9 5
19 23 1
19 19 6
19 8 8
20 18 1
20 20 9
20 24 4
20 1 7
20 27 5
20 19 2
20 10 7
21 11 7
21 16 3
21 26 1
21 9 6
21 10 5
21 0 6
21 19 3
22 8 3
22 11 5
22 23 5
22 26 5
22 9 7
22 16 7
22 25 6
23 17 1
23 9 2
23 22 3
23 2 2
23 16 4
23 7 3
23 19 4
24 22 2
24 10 4
24 27 5
24 13 6
24 4 7
24 8 9
24 25 6
25 2 3
25 25 4
25 11 6
25 14 5
25 16 5
25 20 5
25 7 9
26 27 9
26 6 8
26 21 4
26 8 8
26 7 3
26 19 8
26 11 4
27 8 4
27 7 8
27 23 9
27 4 3
27 3 4
27 11 9
27 20 5
28 28 9
28 5 7
28 24 8
28 26 8
28 22 2
28 18 6
28 8 5
29 13 2
29 20 2
29 25 7
29 9 6
29 28 8
29 21 4
29 29 5
IG
MP
VA 8
VA 10
IT
RA 29 29 
VA 25
RA 29 21 
RA 29 28 
RA 29 9 
AA 28 11 1
RA 16 5 
RA 26 11 
VA 7
IT
AA 0 6 3
RA 21 9 
VA 1
VA 8
RA 11 11 
AA 23 3 7
MP
AA 0 20 9
MP
MP
AA 5 9 6
AA 24 29 8
RA 6 10 
AA 22 13 1
RA 19 4 
RA 5 13 
RA 10 6 
RA 22 13 
RA 6 27 
RA 5 6 
RA 9 11 
RA 13 13 
VA 3
RA 14 8 
RA 28 8 
MP
MP
RA 25 2 
VA 0
RA 1 27 
AA 3 11 5
RA 12 20 
VA 19
RA 15 19 
AA 3 27 2
VA 24
MP
AA 12 29 9
AA 24 15 9
VA 22
RA 26 6 
VA 12
VA 25
VA 25
VA 27
AA 1 28 2
RA 22 16 
RA 23 19 
MP
MP
RA 20 1 
RA 13 24 
AA 3 17 1
RA 14 25 
VA 0
RA 27 8 
MP
RA 19 8 
RA 2 21 
AA 6 19 5
VA 9
RA 1 20 
MP
AA 15 16 6
RA 5 20 
AA 19 16 7
AA 7 0 8
VA 24
IT
IT
IT
AA 6 11 6
AA 10 27 3
AA 0 0 4
RA 24 4 
AA 21 5 3
RA 3 14 
AA 27 15 6
RA 7 25 
VA 6
RA 27 23 
VA 25
MP
VA 17
RA 3 10 
AA 3 20 7
VA 9
MP
RA 4 11 
AA 16 2 8
RA 13 23 
VA 18
AA 18 11 4
IT
RA 18 3 
VA 24
AA 2 19 1
MP
AA 13 14 8
VA 2
RA 4 9 
IT
AA 13 23 4
RA 13 9 
VA 2
AA 24 1 8
AA 21 3 6
RA 21 10 
AA 4 1 6
RA 10 27 
MP
AA 0 15 5
MP
AA 16 13 9
VA 7
VA 3
AA 21 18 1
RA 22 8 
AA 10 24 5
AA 9 4 8
AA 23 29 5
RA 17 29 
AA 12 22 9
RA 28 18 
MP
AA 21 1 3
MP
AA 11 14 6
IT
AA 23 12 1
AA 22 1 8
AA 19 21 6
RA 3 27 
AA 6 26 6
VA 27
RA 11 14 
RA 17 18 
RA 21 18 
AA 20 15 1
VA 28
IT
RA 3 12 
IT
RA 12 26 
VA 2
AA 0 18 2
RA 11 27 
IT
RA 28 5 
RA 0 19 
VA 7
VA 11
VA 27
AA 23 13 3
IT
MP
AA 13 6 1
MP
RA 12 4 
VA 25
MP
MP
IT
VA 21
VA 22
IT
IT
MP
IT
RA 29 25 
MP
AA 17 28 3
AA 17 24 1
IT
MP
AA 10 5 8
AA 26 9 7
AA 14 18 5
RA 22 23 
RA 17 14 
IT
AA 11 29 9
IT
RA 16 2 
AA 21 21 6
VA 9
AA 20 29 2
MP
VA 3
IT
MP
RA 13 27 
RA 2 20 
AA 26 10 1
MP
RA 23 2 
IG
IT
