D L 30 210
0 3 8
0 16 5
0 9 7
0 20 4
0 4 4
0 28 7
0 27 5
1 28 8
1 16 5
1 9 6
1 0 6
1 29 3
1 2 3
1 19 5
2 13 3
2 25 5
2 3 8
2 10 8
2 12 8
2 21 6
2 28 6
3 15 7
3 27 3
3 22 3
3 18 7
3 25 1
3 21 2
3 0 4
4 16 2
4 7 6
4 22 7
4 8 4
4 3 5
4 2 5
4 0 4
5 20 8
5 19 1
5 24 3
5 7 8
5 21 8
5 29 3
5 4 5
6 15 4
6 26 4
6 17 6
6 21 4
6 8 4
6 20 2
6 7 3
7 1 2
7 8 0
7 15 4
7 4 5
7 21 6
7 6 9
7 5 9
8 18 7
8 5 9
8 11 4
8 16 1
8 13 7
8 19 5
8 0 1
9 23 2
9 19 3
9 20 5
9 3 2
9 13 9
9 8 6
9 6 9
10 0 7
10 6 9
10 25 8
10 29 6
10 13 9
10 26 6
10 5 2
11 22 2
11 29 9
11 9 2
11 8 5
11 0 5
11 20 6
11 10 1
12 14 7
12 19 3
12 13 9
12 20 6
12 29 2
12 7 7
12 18 2
13 10 6
13 27 3
13 18 8
13 28 3
13 13 5
13 29 1
13 21 5
14 21 3
14 9 3
14 12 6
14 13 3
14 8 2
14 6 2
14 26 4
15 22 8
15 0 6
15 14 3
15 20 1
15 18 4
15 12 2
15 26 2
16 8 4
16 0 2
16 19 3
16 15 2
16 28 4
16 20 2
16 7 9
17 12 9
17 26 9
17 29 6
17 6 8
17 10 3
17 16 8
17 22 2
18 2 4
18 4 9
18 29 6
18 9 7
18 14 8
18 21 5
18 7 3
19 13 8
19 0 4
19 1 5
19 24 1
19 5 6
19 3 5
19 26 5
20 21 5
20 5 4
20 16 3
20 27 5
20 13 4
20 26 5
20 23 7
21 21 8
21 16 6
21 15 6
21 9 5
21 27 4
21 4 2
21 5 9
22 1 1
22 16 5
22 4 7
22 15 6
22 25 5
22 12 2
22 6 3
23 12 8
23 9 3
23 5 8
23 7 6
23 29 9
23 25 3
23 16 8
24 18 5
24 17 4
24 26 4
24 3 5
24 25 5
24 14 5
24 2 5
25 29 8
25 7 1
25 3 1
25 0 8
25 1 8
25 11 8
25 23 4
26 26 4
26 29 9
26 2 6
26 10 1
26 12 2
26 14 8
26 28 7
27 1 4
27 11 4
27 15 6
27 13 5
27 8 2
27 23 7
27 27 3
28 25 8
28 3 8
28 28 4
28 4 5
28 22 8
28 12 6
28 5 3
29 21 7
29 23 3
29 17 8
29 29 7
29 20 4
29 10 8
29 6 4
IG
VA 6
AA 29 0 3
VA 13
RA 1 9 
MP
AA 24 28 8
MP
AA 24 9 6
IT
AA 4 10 4
MP
RA 10 5 
VA 4
IT
IT
AA 14 14 7
RA 13 21 
RA 16 19 
VA 17
RA 18 14 
RA 29 29 
VA 18
VA 28
VA 1
AA 13 11 7
MP
AA 12 27 1
RA 15 26 
AA 5 5 5
AA 24 21 3
MP
MP
AA 19 15 8
RA 9 8 
RA 15 18 
RA 26 12 
AA 2 26 4
RA 10 25 
VA 6
AA 21 29 3
VA 24
RA 11 0 
RA 11 9 
RA 27 27 
RA 16 7 
VA 26
RA 29 20 
RA 24 3 
AA 26 1 6
MP
AA 25 26 5
VA 3
AA 22 27 8
AA 14 20 5
AA 29 14 4
VA 16
AA 6 28 7
IT
MP
RA 0 20 
AA 25 25 6
AA 25 24 8
IT
VA 16
AA 13 19 7
AA 3 5 7
MP
RA 8 16 
RA 17 26 
RA 4 7 
RA 15 0 
RA 5 19 
AA 4 15 2
RA 15 22 
AA 4 9 3
AA 22 21 8
IT
RA 4 2 
VA 3
AA 4 5 4
RA 25 29 
AA 25 28 3
RA 2 28 
MP
RA 8 0 
MP
RA 17 16 
MP
MP
VA 18
MP
AA 7 27 9
MP
VA 4
RA 29 17 
AA 5 18 2
RA 14 6 
AA 7 22 3
VA 4
AA 7 16 6
IT
IT
VA 20
AA 2 5 4
RA 21 4 
RA 25 1 
VA 20
MP
RA 4 9 
AA 26 23 3
RA 13 29 
AA 19 2 2
VA 24
AA 16 13 7
AA 14 27 7
RA 6 26 
VA 23
VA 24
RA 19 2 
RA 26 2 
VA 26
AA 20 10 3
VA 16
RA 2 5 
MP
RA 24 14 
VA 22
AA 9 28 6
RA 5 4 
RA 29 23 
MP
AA 27 2 9
MP
AA 2 19 2
VA 12
VA 23
VA 4
VA 21
MP
AA 3 26 9
AA 20 20 9
IT
RA 19 13 
AA 28 17 1
IT
RA 24 17 
MP
MP
RA 17 12 
AA 3 3 7
AA 23 1 5
RA 13 28 
MP
RA 6 20 
RA 0 28 
MP
RA 26 23 
RA 23 1 
MP
AA 27 21 9
RA 11 8 
RA 16 15 
RA 14 14 
AA 22 14 9
VA 3
RA 7 27 
AA 1 14 5
RA 23 16 
VA 14
MP
AA 24 24 1
AA 1 11 6
AA 9 14 3
IT
AA 8 29 1
VA 0
RA 20 26 
RA 23 5 
AA 5 26 5
VA 6
RA 3 27 
MP
RA 15 12 
RA 29 21 
VA 7
RA 6 17 
RA 20 23 
AA 9 16 9
AA 21 23 7
AA 27 5 7
MP
RA 29 6 
AA 26 18 9
RA 22 27 
AA 12 12 5
RA 0 9 
RA 10 29 
VA 27
VA 0
AA 4 13 4
MP
AA 18 24 7
AA 19 2 2
AA 12 28 3
IT
MP
MP
RA 24 2 
AA 11 11 9
RA 16 8 
IG
IT
