G M 30 182
0 5 9
0 17 8
0 13 6
0 2 4
0 3 4
0 15 9
0 19 9
1 19 8
1 13 2
1 27 9
1 11 1
1 29 8
1 7 2
1 1 1
2 18 9
2 5 6
2 10 8
2 6 6
2 8 5
2 22 6
3 24 2
3 2 6
3 1 4
3 27 8
3 20 5
3 15 7
3 5 7
4 1 8
4 13 8
4 23 8
4 22 8
4 27 4
4 12 1
4 7 4
5 23 7
5 16 4
5 5 4
5 17 7
5 21 2
5 10 3
5 4 1
6 29 9
6 3 2
6 14 9
6 6 4
6 28 2
6 15 2
6 21 3
7 16 8
7 15 3
7 12 3
7 27 5
7 6 2
7 13 6
8 13 8
8 23 8
8 26 4
8 7 3
8 4 3
8 11 1
8 1 8
9 5 7
9 1 4
9 27 1
9 25 1
9 22 3
9 9 5
9 21 3
10 15 6
10 9 8
10 28 2
10 20 9
10 12 6
10 14 3
11 5 7
11 27 3
11 24 6
11 15 2
11 16 1
11 10 9
11 25 5
12 24 6
12 25 6
12 22 4
12 28 5
12 12 1
12 15 7
13 29 1
13 14 2
13 6 2
13 25 9
13 26 9
14 27 7
14 2 3
14 3 5
14 18 1
14 7 9
15 9 8
15 14 6
15 20 9
15 25 6
15 17 8
16 16 6
16 15 2
16 3 5
16 27 3
16 25 3
16 2 8
16 0 1
17 25 3
17 2 2
17 6 1
17 4 6
17 28 6
17 19 1
18 8 9
18 20 4
18 23 7
18 12 3
18 0 6
19 2 5
19 15 1
19 19 4
19 25 1
19 23 7
20 20 3
20 12 6
20 16 6
20 28 5
20 0 5
21 11 2
21 8 4
21 1 5
21 13 5
21 17 2
21 16 7
21 27 7
22 14 9
22 6 4
22 7 8
22 27 9
22 8 2
23 1 3
23 27 1
23 28 8
23 6 6
23 7 2
23 10 8
23 22 7
24 1 6
24 2 2
24 23 9
24 5 5
24 25 1
24 9 6
24 29 8
25 21 3
25 27 6
25 26 6
25 20 6
25 8 5
26 23 6
26 19 2
26 26 1
26 1 7
26 14 0
27 5 1
27 10 1
27 15 2
27 19 9
27 29 6
28 16 1
28 27 1
28 1 9
28 4 4
28 25 5
29 3 6
29 0 1
29 4 3
29 29 5
29 20 3
29 14 3
IG
VA 0
VA 1
VA 2
VA 3
VA 4
VA 5
VA 6
VA 7
VA 8
VA 9
VA 10
VA 11
VA 12
VA 13
VA 14
VA 15
VA 16
VA 17
VA 18
VA 19
VA 20
VA 21
VA 22
VA 23
VA 24
VA 25
VA 26
VA 27
VA 28
VA 29
MP