G M 30 187
0 23 5
0 10 5
0 12 6
0 20 1
0 15 5
0 24 1
0 27 9
1 13 7
1 25 6
1 6 4
1 29 8
1 28 8
1 27 1
1 14 3
2 14 3
2 7 4
2 19 1
2 12 6
2 25 9
2 4 9
2 22 8
3 2 5
3 27 7
3 13 1
3 10 2
3 0 6
3 3 1
3 12 6
4 19 5
4 29 6
4 10 5
4 28 7
4 20 8
4 26 3
5 18 1
5 2 5
5 8 5
5 24 1
5 14 9
5 3 5
5 28 1
6 28 2
6 29 8
6 24 2
6 7 4
6 22 2
6 25 9
6 2 3
7 19 9
7 3 9
7 11 3
7 8 9
7 13 9
7 26 8
8 0 3
8 27 1
8 20 7
8 14 3
8 28 4
8 15 8
8 16 4
9 24 4
9 17 7
9 7 2
9 3 3
9 13 7
9 26 9
9 29 8
10 26 2
10 27 9
10 14 5
10 25 5
10 19 8
10 2 2
11 8 7
11 21 8
11 19 9
11 1 1
11 27 2
11 3 6
12 25 9
12 13 7
12 23 5
12 5 8
12 18 4
12 17 2
12 26 9
13 20 8
13 27 6
13 18 1
13 2 4
13 13 1
14 15 8
14 7 2
14 21 3
14 17 6
14 28 4
14 9 7
14 12 3
15 2 9
15 7 1
15 3 3
15 10 6
15 27 9
15 15 3
16 11 5
16 22 7
16 23 1
16 17 8
16 15 7
16 24 1
16 28 4
17 23 5
17 25 1
17 28 3
17 3 8
17 26 4
17 10 6
18 0 4
18 21 1
18 24 8
18 8 8
18 28 1
18 17 8
18 23 2
19 25 2
19 27 8
19 16 7
19 5 0
20 21 8
20 15 1
20 26 7
20 3 4
20 9 4
21 13 8
21 28 8
21 22 2
21 19 2
21 15 2
21 1 2
21 8 8
22 24 1
22 20 8
22 29 2
22 19 8
22 28 4
22 27 1
23 5 4
23 20 3
23 24 8
23 7 2
23 14 4
23 13 6
23 2 8
24 11 6
24 25 1
24 28 1
24 19 5
24 24 9
25 7 4
25 26 5
25 25 7
25 8 5
25 22 8
25 13 1
26 21 5
26 3 6
26 5 6
27 18 7
27 5 1
27 12 8
27 23 2
27 4 2
27 9 7
27 20 7
28 10 3
28 12 4
28 20 2
28 9 5
28 2 5
28 27 4
29 26 3
29 13 8
29 28 3
29 0 6
29 16 9
29 14 3
IG
IT