G M 30 184
0 19 3
0 3 9
0 2 3
0 12 2
0 5 9
0 20 6
0 21 8
1 19 1
1 12 8
1 28 1
1 17 1
1 15 8
1 6 7
1 29 2
2 24 8
2 14 5
2 3 4
2 18 6
2 2 1
2 13 3
2 15 7
3 1 3
3 11 6
3 23 8
3 7 6
3 19 1
3 28 4
4 14 5
4 12 8
4 2 2
4 7 9
4 8 9
4 25 8
4 11 5
5 28 3
5 13 1
5 1 8
5 2 4
5 24 3
5 11 5
5 21 8
6 8 7
6 23 9
6 6 4
6 19 6
6 15 9
6 11 8
6 9 2
7 26 1
7 24 2
7 13 1
7 7 1
7 1 4
7 16 6
8 20 9
8 19 2
8 12 3
8 13 7
8 17 2
8 10 9
8 18 2
9 16 9
9 20 2
9 4 3
9 25 4
9 28 5
9 7 2
10 29 8
10 7 2
10 5 9
10 20 8
10 11 6
10 12 6
10 17 2
11 26 1
11 18 1
11 27 7
11 14 9
11 0 1
11 8 8
12 29 1
12 27 2
12 23 5
12 26 2
12 19 3
13 17 5
13 24 3
13 12 5
13 26 8
13 21 9
13 23 2
14 12 2
14 0 5
14 19 8
14 6 1
14 14 2
14 3 1
14 7 3
15 19 4
15 8 7
15 0 3
15 10 4
15 24 3
15 12 8
15 13 3
16 5 2
16 8 8
16 23 4
16 12 9
16 28 9
16 4 5
16 25 7
17 5 4
17 25 2
17 18 6
17 23 8
17 17 6
17 4 2
18 21 7
18 14 4
18 27 7
18 22 6
18 18 3
18 28 6
19 29 1
19 24 9
19 11 6
19 13 9
19 18 7
20 20 9
20 3 3
20 28 9
20 11 5
20 22 6
20 15 4
21 11 9
21 3 2
21 27 3
21 23 7
21 15 5
22 27 4
22 8 3
22 15 5
22 1 5
22 17 9
22 24 9
23 28 1
23 7 2
23 0 5
23 10 8
23 5 1
24 21 9
24 16 6
24 18 9
24 17 5
24 26 4
24 9 6
24 23 8
25 8 1
25 22 5
25 24 8
25 20 1
25 2 9
25 6 7
26 28 0
26 1 5
26 15 1
26 17 5
26 9 2
27 17 5
27 0 5
27 2 6
27 23 7
28 24 6
28 0 9
28 25 1
28 6 2
29 16 1
29 11 3
29 13 4
29 3 2
29 9 3
29 15 7
29 21 7
IG
AA 29 29 3
VA 16
AA 29 19 2
AA 29 2 3
RA 27 12 
RA 4 14 
RA 1 28 
AA 18 4 1
VA 6
AA 12 18 3
RA 25 16 
RA 2 14 
AA 9 15 3
AA 18 12 9
AA 4 14 5
MP
AA 16 0 8
MP
VA 11
AA 5 3 4
AA 19 1 5
AA 1 21 9
IT
AA 14 15 9
MP
AA 19 17 8
MP
AA 5 26 8
AA 20 18 9
VA 9
AA 17 28 8
RA 2 2 
RA 19 6 
RA 11 18 
VA 18
VA 9
RA 1 29 
AA 0 29 8
VA 7
RA 13 7 
AA 12 7 9
VA 5
RA 23 0 
RA 16 8 
VA 12
VA 21
AA 12 0 9
VA 25
VA 28
RA 10 29 
VA 3
AA 13 19 1
VA 22
MP
RA 17 18 
AA 27 29 8
RA 8 20 
AA 21 0 2
MP
MP
AA 7 17 6
VA 12
AA 1 29 2
VA 25
MP
AA 15 15 6
VA 7
RA 16 0 
RA 12 7 
VA 1
RA 5 2 
AA 11 20 5
MP
RA 8 18 
MP
AA 1 16 1
AA 19 2 7
IT
MP
AA 19 23 1
RA 22 8 
MP
IT
RA 8 12 
RA 24 23 
RA 1 16 
VA 8
RA 28 26 
RA 29 3 
RA 23 28 
RA 0 29 
MP
RA 1 19 
MP
RA 0 19 
AA 16 14 9
RA 18 14 
RA 17 28 
AA 2 9 7
VA 21
VA 23
AA 22 0 8
RA 25 20 
AA 28 16 8
MP
AA 3 13 9
IT
MP
RA 29 16 
AA 8 8 8
VA 29
VA 0
VA 3
AA 14 5 6
IT
MP
RA 9 20 
AA 17 9 6
RA 12 26 
AA 10 16 6
AA 18 0 3
RA 19 11 
RA 5 11 
RA 26 13 
VA 21
AA 3 0 6
RA 11 0 
AA 13 8 5
RA 14 7 
VA 21
RA 27 29 
RA 12 10 
VA 13
AA 22 29 7
AA 9 22 6
AA 13 25 3
MP
AA 0 19 3
AA 22 21 2
RA 22 24 
VA 13
AA 11 28 2
VA 9
AA 23 23 5
VA 17
RA 0 19 
AA 11 19 2
VA 10
VA 29
RA 4 11 
VA 14
VA 15
MP
VA 20
RA 10 16 
RA 13 12 
RA 21 23 
IT
VA 27
AA 8 23 4
RA 9 6 
MP
VA 2
IT
AA 0 9 6
IT
RA 12 23 
VA 12
RA 16 5 
AA 12 1 1
AA 10 8 3
IT
VA 10
RA 3 0 
AA 16 18 5
RA 12 18 
MP
AA 6 0 2
VA 4
RA 1 29 
RA 20 20 
AA 20 20 9
MP
AA 7 0 3
VA 2
RA 15 0 
AA 25 9 2
VA 16
VA 28
AA 25 25 7
AA 6 14 7
AA 25 13 8
AA 7 25 9
RA 29 29 
VA 24
AA 9 6 9
RA 21 3 
VA 17
AA 14 25 2
IT
RA 3 2 
AA 13 6 4
AA 17 13 7
AA 14 2 4
AA 2 19 6
RA 0 9 
MP
AA 25 26 1
AA 13 9 8
IG
IT