G L 30 186
0 3 8
0 5 9
0 2 6
0 16 1
0 7 5
0 11 7
0 15 5
1 19 9
1 29 9
1 2 6
1 17 7
1 3 6
1 12 6
1 7 3
2 24 7
2 26 6
2 21 2
2 9 9
2 17 9
2 8 3
3 28 6
3 10 1
3 5 1
3 23 6
3 18 1
3 9 2
3 26 2
4 15 1
4 25 8
4 10 6
4 1 4
4 14 4
4 9 5
4 7 9
5 27 6
5 18 3
5 12 1
5 23 7
5 6 1
5 16 3
5 29 9
6 21 5
6 17 1
6 14 9
6 28 6
6 1 9
6 24 2
6 29 1
7 26 3
7 12 9
7 8 5
7 25 4
7 10 8
7 22 9
8 9 9
8 21 7
8 27 1
8 11 2
8 16 7
8 6 9
8 26 1
9 22 8
9 0 5
9 15 1
9 19 2
9 21 8
9 6 4
9 24 5
10 9 9
10 6 1
10 28 3
10 25 9
10 21 7
11 5 7
11 29 5
11 25 1
11 11 3
11 20 8
11 6 6
12 3 8
12 0 9
12 22 6
12 6 4
12 18 0
12 12 4
13 29 4
13 8 5
13 23 1
13 11 7
13 21 8
13 0 2
13 15 8
14 25 2
14 3 4
14 16 6
14 15 2
14 20 8
14 19 7
14 9 5
15 7 4
15 11 1
15 1 2
15 6 3
15 5 3
15 22 1
15 28 1
16 13 7
16 29 6
16 25 6
16 23 6
16 26 7
16 20 4
16 24 4
17 29 6
17 27 7
17 21 4
17 28 7
17 22 4
18 8 6
18 23 3
18 25 3
18 0 2
18 7 3
18 14 4
18 22 7
19 15 4
19 21 5
19 16 7
19 10 2
19 24 1
19 2 9
19 11 7
20 27 9
20 0 6
20 2 8
20 12 9
20 23 1
21 5 9
21 29 6
21 14 8
21 24 3
21 20 1
21 23 5
22 14 5
22 24 7
22 22 5
22 19 4
22 1 8
23 26 7
23 12 6
23 17 9
23 24 9
23 25 1
24 11 1
24 1 1
24 12 3
24 28 4
24 0 4
25 21 3
25 1 7
25 5 6
25 12 2
25 29 5
26 21 9
26 18 8
26 24 8
26 22 9
26 25 5
26 6 9
27 7 7
27 15 2
27 0 4
27 19 1
27 11 2
27 26 6
27 10 1
28 12 9
28 21 1
28 27 6
28 11 7
28 20 3
29 26 5
29 7 3
29 12 4
29 18 8
29 22 8
IG
AA 29 0 5
AA 29 4 5
RA 20 12 
RA 15 22 
RA 12 3 
AA 8 12 3
RA 11 20 
RA 19 16 
AA 6 9 1
RA 29 4 
AA 23 14 1
RA 29 26 
RA 3 23 
RA 18 7 
RA 5 12 
RA 24 0 
RA 5 6 
RA 27 11 
AA 23 15 1
AA 21 18 1
AA 18 24 3
AA 16 9 8
AA 28 29 7
AA 7 9 9
RA 11 5 
AA 6 23 5
RA 10 28 
AA 16 10 3
RA 19 24 
AA 29 15 1
IG