D M 30 210
0 4 4
0 15 2
0 29 6
0 3 2
0 26 7
0 10 2
0 8 9
1 16 1
1 9 1
1 10 5
1 25 5
1 7 6
1 6 7
1 26 8
2 16 8
2 6 6
2 2 9
2 28 5
2 17 1
2 20 2
2 11 6
3 24 5
3 10 2
3 20 9
3 11 8
3 17 5
3 7 4
3 5 6
4 12 6
4 7 7
4 16 9
4 5 3
4 28 6
4 10 3
4 27 9
5 23 3
5 28 1
5 3 3
5 24 7
5 7 7
5 19 2
5 25 2
6 17 1
6 26 1
6 0 6
6 18 8
6 28 8
6 8 4
6 14 1
7 27 5
7 16 5
7 26 7
7 19 3
7 6 1
7 4 1
7 29 7
8 29 1
8 0 3
8 14 9
8 2 5
8 19 2
8 22 5
8 5 4
9 25 3
9 0 5
9 14 4
9 10 8
9 29 4
9 16 9
9 17 5
10 24 3
10 16 2
10 29 7
10 11 9
10 6 5
10 7 4
10 23 1
11 8 8
11 24 7
11 16 1
11 17 9
11 3 6
11 15 9
11 18 5
12 10 4
12 19 5
12 18 2
12 9 9
12 28 9
12 13 5
12 21 3
13 14 4
13 15 2
13 12 0
13 22 2
13 19 2
13 13 7
13 21 4
14 14 2
14 15 5
14 29 4
14 0 7
14 1 9
14 10 2
14 28 1
15 0 1
15 10 7
15 21 2
15 1 5
15 14 3
15 18 1
15 29 3
16 28 4
16 14 2
16 29 5
16 12 5
16 19 5
16 18 5
16 24 4
17 25 1
17 1 2
17 17 6
17 0 6
17 16 5
17 13 7
17 15 8
18 24 1
18 9 6
18 18 1
18 6 9
18 8 1
18 4 7
18 26 5
19 7 2
19 17 3
19 15 4
19 21 8
19 1 3
19 5 7
19 20 3
20 22 9
20 4 5
20 21 3
20 5 7
20 0 6
20 6 7
20 14 1
21 29 6
21 21 3
21 8 7
21 3 8
21 7 9
21 11 1
21 20 8
22 27 2
22 6 6
22 23 5
22 17 5
22 28 6
22 19 6
22 3 1
23 24 6
23 11 4
23 22 5
23 17 2
23 25 9
23 14 3
23 8 5
24 16 8
24 28 5
24 27 9
24 20 9
24 17 1
24 1 5
24 11 2
25 17 9
25 6 7
25 20 3
25 19 6
25 0 3
25 14 4
25 4 8
26 29 2
26 23 1
26 5 5
26 28 3
26 20 6
26 7 6
26 14 3
27 24 4
27 5 8
27 16 8
27 10 9
27 29 6
27 0 5
27 15 8
28 0 2
28 15 2
28 19 6
28 26 9
28 5 1
28 18 6
28 13 2
29 8 9
29 24 7
29 1 7
29 5 8
29 11 8
29 18 6
29 25 7
IG
AA 29 16 3
AA 29 21 6
AA 29 14 1
RA 16 24 
RA 20 22 
AA 26 1 7
AA 7 5 2
AA 7 28 4
RA 17 17 
AA 27 13 8
RA 21 21 
RA 3 5 
AA 28 1 4
AA 11 20 2
AA 7 20 1
AA 29 10 4
AA 18 15 2
RA 10 16 
AA 26 17 6
AA 1 17 4
RA 5 24 
AA 9 3 1
RA 24 16 
RA 25 19 
RA 19 20 
AA 23 15 5
RA 18 24 
RA 6 0 
RA 14 29 
AA 24 0 2
IG
