D L 30 210
0 25 4
0 10 1
0 24 1
0 11 9
0 4 3
0 3 5
0 5 2
1 4 0
1 2 6
1 18 8
1 28 1
1 21 6
1 13 1
1 14 5
2 15 1
2 0 4
2 4 7
2 13 8
2 20 1
2 8 5
2 19 1
3 8 1
3 12 8
3 1 4
3 19 9
3 21 1
3 9 5
3 27 3
4 3 4
4 9 7
4 28 2
4 8 9
4 0 5
4 19 1
4 13 4
5 2 1
5 4 2
5 1 7
5 17 2
5 12 4
5 13 6
5 5 9
6 28 9
6 18 7
6 29 8
6 10 6
6 5 7
6 12 1
6 2 8
7 16 4
7 13 2
7 18 7
7 22 9
7 2 2
7 3 2
7 7 9
8 16 9
8 2 9
8 20 1
8 1 7
8 6 5
8 12 3
8 4 3
9 3 7
9 8 1
9 26 7
9 4 9
9 14 1
9 5 1
9 6 2
10 10 7
10 1 1
10 17 6
10 28 3
10 22 7
10 9 4
10 6 8
11 18 5
11 7 3
11 13 7
11 25 9
11 1 1
11 24 1
11 4 1
12 14 3
12 1 4
12 4 7
12 20 5
12 18 9
12 27 9
12 21 6
13 25 6
13 24 7
13 6 2
13 0 2
13 23 2
13 17 9
13 28 6
14 20 4
14 11 2
14 9 7
14 16 3
14 18 4
14 14 4
14 27 3
15 18 1
15 7 4
15 23 4
15 16 2
15 3 5
15 22 3
15 8 9
16 1 2
16 22 7
16 28 3
16 25 1
16 26 4
16 19 7
16 10 4
17 14 9
17 3 2
17 15 3
17 19 7
17 9 4
17 20 2
17 26 1
18 2 5
18 10 2
18 18 8
18 0 2
18 7 6
18 21 1
18 5 4
19 27 1
19 12 8
19 9 1
19 24 8
19 8 4
19 1 9
19 10 8
20 16 1
20 15 3
20 9 6
20 25 9
20 5 8
20 3 3
20 12 6
21 12 3
21 16 7
21 4 7
21 2 8
21 27 2
21 19 8
21 20 7
22 7 6
22 15 5
22 23 3
22 19 6
22 28 7
22 24 9
22 22 2
23 20 4
23 7 7
23 26 9
23 13 1
23 5 9
23 24 8
23 15 8
24 24 8
24 11 7
24 17 3
24 29 5
24 7 4
24 3 3
24 22 3
25 0 6
25 9 6
25 23 8
25 4 9
25 11 7
25 7 7
25 2 4
26 12 6
26 11 5
26 18 4
26 28 4
26 25 3
26 4 1
26 14 2
27 27 3
27 12 1
27 4 3
27 9 9
27 21 6
27 10 4
27 11 8
28 24 9
28 23 3
28 14 8
28 0 1
28 18 4
28 25 5
28 3 2
29 25 3
29 13 1
29 21 2
29 2 4
29 5 4
29 8 3
29 14 1
IG
AA 29 4 5
RA 4 13 
AA 12 15 3
AA 20 28 9
RA 23 15 
RA 24 29 
AA 26 10 1
AA 12 24 7
AA 28 10 9
AA 24 25 7
AA 9 16 2
AA 8 9 9
RA 18 10 
AA 10 5 7
AA 21 10 4
RA 11 13 
RA 4 9 
RA 20 9 
AA 21 1 3
AA 14 15 5
RA 10 6 
RA 21 27 
RA 11 1 
RA 6 2 
AA 16 7 4
AA 13 12 4
RA 17 9 
AA 3 22 5
AA 4 25 4
AA 25 16 1
IG
