D M 30 210
0 29 5
0 2 3
0 11 6
0 23 8
0 6 0
0 1 6
0 13 8
1 27 4
1 1 5
1 13 8
1 9 4
1 12 5
1 5 1
1 7 9
2 0 9
2 25 4
2 1 4
2 14 7
2 18 6
2 28 5
2 17 5
3 16 5
3 1 3
3 4 7
3 15 2
3 9 8
3 25 5
3 5 7
4 16 4
4 18 6
4 29 3
4 1 9
4 20 1
4 0 6
4 3 8
5 26 7
5 9 3
5 1 6
5 20 2
5 10 3
5 14 3
5 11 5
6 4 9
6 29 1
6 20 9
6 15 8
6 27 5
6 23 9
6 0 3
7 24 9
7 8 9
7 10 8
7 27 2
7 7 1
7 18 6
7 16 5
8 2 4
8 7 8
8 18 9
8 15 9
8 5 8
8 3 4
8 24 5
9 16 7
9 19 5
9 3 5
9 10 7
9 29 3
9 2 3
9 23 6
10 17 8
10 4 2
10 3 5
10 0 1
10 15 6
10 16 3
10 8 9
11 7 9
11 6 7
11 11 7
11 9 5
11 18 1
11 26 7
11 16 3
12 8 7
12 17 9
12 6 9
12 15 7
12 12 1
12 7 5
12 10 1
13 20 4
13 27 6
13 18 5
13 23 1
13 16 6
13 14 9
13 26 8
14 12 8
14 18 6
14 3 1
14 20 8
14 11 7
14 9 9
14 26 6
15 5 3
15 21 9
15 20 3
15 7 8
15 24 5
15 14 8
15 15 5
16 19 8
16 14 6
16 12 2
16 6 2
16 7 8
16 29 7
16 3 8
17 26 1
17 20 4
17 5 5
17 15 6
17 27 9
17 22 5
17 19 5
18 26 7
18 1 5
18 29 9
18 11 1
18 13 9
18 3 4
18 10 4
19 24 4
19 2 1
19 25 1
19 29 3
19 22 5
19 6 7
19 12 4
20 7 9
20 4 3
20 8 1
20 6 3
20 14 1
20 5 4
20 26 8
21 19 1
21 27 4
21 3 8
21 20 9
21 7 7
21 23 8
21 21 5
22 3 3
22 20 2
22 24 9
22 22 7
22 11 2
22 5 6
22 14 7
23 5 1
23 10 6
23 27 6
23 29 2
23 28 5
23 0 1
23 1 4
24 10 8
24 11 2
24 3 9
24 22 5
24 28 8
24 14 2
24 7 2
25 16 5
25 6 1
25 29 7
25 11 2
25 17 3
25 15 3
25 3 8
26 12 4
26 23 2
26 21 9
26 7 7
26 15 9
26 22 2
26 4 5
27 25 4
27 12 9
27 4 6
27 8 3
27 24 3
27 0 1
27 6 3
28 7 6
28 27 4
28 24 6
28 0 1
28 16 4
28 12 3
28 19 1
29 10 6
29 29 1
29 25 1
29 3 7
29 13 2
29 21 8
29 15 1
IG
VA 0
VA 1
VA 2
VA 3
VA 4
VA 5
VA 6
VA 7
VA 8
VA 9
VA 10
VA 11
VA 12
VA 13
VA 14
VA 15
VA 16
VA 17
VA 18
VA 19
VA 20
VA 21
VA 22
VA 23
VA 24
VA 25
VA 26
VA 27
VA 28
VA 29
MP
