D L 30 210
0 14 6
0 5 6
0 27 4
0 21 8
0 9 1
0 13 7
0 0 6
1 21 7
1 2 1
1 27 6
1 4 2
1 3 9
1 10 6
1 26 3
2 24 5
2 16 7
2 15 7
2 20 7
2 6 6
2 0 6
2 7 8
3 25 7
3 13 9
3 2 4
3 6 9
3 9 6
3 17 5
3 4 4
4 24 4
4 9 2
4 8 1
4 4 1
4 12 3
4 22 6
4 27 9
5 5 7
5 11 6
5 15 6
5 21 1
5 20 7
5 14 5
5 4 5
6 9 4
6 18 8
6 3 7
6 14 1
6 5 6
6 20 4
6 10 4
7 20 4
7 16 8
7 18 4
7 23 3
7 21 6
7 22 2
7 10 6
8 9 2
8 21 6
8 7 9
8 17 5
8 6 6
8 19 6
8 10 7
9 27 8
9 24 4
9 16 2
9 10 9
9 7 8
9 4 1
9 13 5
10 11 3
10 22 7
10 28 3
10 13 8
10 3 8
10 18 9
10 8 2
11 5 8
11 29 6
11 18 5
11 17 5
11 3 1
11 14 7
11 22 5
12 5 5
12 26 9
12 25 6
12 9 8
12 16 7
12 0 3
12 1 2
13 29 2
13 21 2
13 0 3
13 11 7
13 18 6
13 15 1
13 25 9
14 11 8
14 3 4
14 14 6
14 10 3
14 24 8
14 17 9
14 25 5
15 14 7
15 26 5
15 10 8
15 21 2
15 28 5
15 5 2
15 4 9
16 6 3
16 1 5
16 12 4
16 3 7
16 8 7
16 18 9
16 23 8
17 24 8
17 16 1
17 21 2
17 19 2
17 11 7
17 18 6
17 5 9
18 16 5
18 1 2
18 11 7
18 21 2
18 9 6
18 23 5
18 3 1
19 20 5
19 18 4
19 3 7
19 2 2
19 7 4
19 5 3
19 12 1
20 16 9
20 3 5
20 19 0
20 9 1
20 25 7
20 24 6
20 27 6
21 17 7
21 12 9
21 6 5
21 13 5
21 25 6
21 4 3
21 5 5
22 24 3
22 1 2
22 4 1
22 5 9
22 18 1
22 28 8
22 13 1
23 22 3
23 1 1
23 4 1
23 18 4
23 19 8
23 16 8
23 28 6
24 16 2
24 3 2
24 18 5
24 25 6
24 24 8
24 7 7
24 10 9
25 5 1
25 29 2
25 22 4
25 0 8
25 15 6
25 27 5
25 10 4
26 15 6
26 25 3
26 26 1
26 6 3
26 20 1
26 5 7
26 18 6
27 1 7
27 0 9
27 2 7
27 16 7
27 24 5
27 3 1
27 27 3
28 15 6
28 27 5
28 28 1
28 11 7
28 5 4
28 16 9
28 24 9
29 10 7
29 16 2
29 2 4
29 7 4
29 25 3
29 22 1
29 19 9
IG
VA 0
VA 1
VA 2
VA 3
VA 4
VA 5
VA 6
VA 7
VA 8
VA 9
VA 10
VA 11
VA 12
VA 13
VA 14
VA 15
VA 16
VA 17
VA 18
VA 19
VA 20
VA 21
VA 22
VA 23
VA 24
VA 25
VA 26
VA 27
VA 28
VA 29
MP
