G L 30 183
0 13 8
0 27 7
0 17 8
0 9 5
0 25 7
0 5 8
0 26 9
1 25 2
1 4 8
1 5 3
1 28 7
1 14 2
1 20 2
1 18 6
2 17 5
2 10 6
2 20 2
2 3 2
2 26 9
2 9 2
2 2 7
3 4 7
3 12 6
3 3 3
3 15 4
3 11 7
3 8 4
3 27 8
4 8 8
4 6 7
4 28 7
4 18 2
4 29 5
4 13 3
4 24 1
5 23 7
5 18 5
5 5 1
5 27 1
5 25 8
5 15 9
6 16 7
6 29 7
6 1 6
6 28 9
6 6 9
6 8 8
7 19 1
7 11 5
7 0 5
7 28 3
7 9 4
7 14 5
7 24 7
8 21 5
8 17 5
8 10 8
8 12 6
8 16 3
8 2 9
8 5 9
9 19 2
9 14 7
9 12 6
9 18 6
9 10 3
9 17 2
9 6 1
10 1 5
10 19 8
10 12 2
10 21 1
10 23 8
11 13 5
11 24 4
11 6 8
11 16 1
11 10 4
11 8 4
12 16 7
12 4 4
12 19 3
12 13 7
12 7 5
12 2 7
12 28 4
13 20 1
13 13 3
13 1 3
13 21 5
13 29 6
14 28 4
14 11 1
14 13 2
14 27 7
14 12 6
14 15 5
15 13 8
15 16 4
15 27 2
15 10 1
15 12 5
15 1 3
16 3 3
16 21 4
16 2 3
16 29 1
16 9 8
16 5 2
17 15 5
17 5 1
17 17 2
17 21 7
17 6 7
18 26 2
18 13 9
18 19 1
18 27 9
18 17 7
19 22 7
19 20 3
19 29 2
19 27 9
19 3 2
19 2 8
19 4 8
20 0 9
20 15 5
20 14 3
20 28 1
20 4 9
21 27 7
21 3 4
21 4 1
21 19 6
21 14 9
21 0 9
21 15 5
22 24 5
22 3 3
22 25 4
22 17 5
22 29 2
22 16 1
22 4 1
23 13 4
23 25 4
23 0 4
23 7 2
23 23 2
23 3 1
23 11 6
24 9 7
24 2 6
24 12 2
24 27 4
24 8 5
25 16 2
25 27 2
25 6 1
25 28 1
25 9 1
26 5 9
26 11 5
26 9 4
26 10 9
26 23 3
27 17 3
27 6 9
27 16 2
27 20 2
28 8 1
28 24 0
28 28 2
28 26 5
28 9 9
28 18 4
29 3 1
29 23 6
29 1 3
29 28 3
29 18 1
29 20 6
IG
VA 0
VA 1
VA 2
VA 3
VA 4
VA 5
VA 6
VA 7
VA 8
VA 9
VA 10
VA 11
VA 12
VA 13
VA 14
VA 15
VA 16
VA 17
VA 18
VA 19
VA 20
VA 21
VA 22
VA 23
VA 24
VA 25
VA 26
VA 27
VA 28
VA 29
MP