D M 30 210
0 7 3
0 10 8
0 28 3
0 2 8
0 13 9
0 4 9
0 21 4
1 23 8
1 12 8
1 18 8
1 22 1
1 25 8
1 19 5
1 15 1
2 23 4
2 27 2
2 26 6
2 14 7
2 25 2
2 6 3
2 18 4
3 9 6
3 16 6
3 17 4
3 1 1
3 7 2
3 22 4
3 12 4
4 23 4
4 21 3
4 4 9
4 26 3
4 18 1
4 17 8
4 12 4
5 1 8
5 29 5
5 25 3
5 21 5
5 13 1
5 14 7
5 17 8
6 7 6
6 6 1
6 21 1
6 20 7
6 27 4
6 2 1
6 16 1
7 13 2
7 0 1
7 20 3
7 26 2
7 24 9
7 19 2
7 21 7
8 10 3
8 18 6
8 9 2
8 11 2
8 24 2
8 4 8
8 20 1
9 12 4
9 13 8
9 2 4
9 9 3
9 28 2
9 1 6
9 22 7
10 4 5
10 26 5
10 5 6
10 25 9
10 0 9
10 20 8
10 8 2
11 0 1
11 6 1
11 21 2
11 4 3
11 10 1
11 15 7
11 12 9
12 4 5
12 2 4
12 10 4
12 17 3
12 6 8
12 22 1
12 11 6
13 4 3
13 10 4
13 25 6
13 8 5
13 18 5
13 7 5
13 27 8
14 27 2
14 10 6
14 20 4
14 29 5
14 25 1
14 28 8
14 4 3
15 26 3
15 9 7
15 3 8
15 17 5
15 0 8
15 13 6
15 29 1
16 22 9
16 27 6
16 5 8
16 26 6
16 0 1
16 12 8
16 19 7
17 17 5
17 24 5
17 9 7
17 11 1
17 5 7
17 25 8
17 22 3
18 3 4
18 0 6
18 4 7
18 15 2
18 6 7
18 28 1
18 5 8
19 2 2
19 11 7
19 13 2
19 10 5
19 12 4
19 4 6
19 3 1
20 6 7
20 19 6
20 14 8
20 28 8
20 3 8
20 11 2
20 1 0
21 12 7
21 4 6
21 2 7
21 7 1
21 21 5
21 24 3
21 23 3
22 0 2
22 2 6
22 15 6
22 22 7
22 20 1
22 12 8
22 26 7
23 16 7
23 15 5
23 19 6
23 25 7
23 5 5
23 14 3
23 20 1
24 29 6
24 17 9
24 11 5
24 25 9
24 19 7
24 15 3
24 0 7
25 24 3
25 2 2
25 7 4
25 20 3
25 9 8
25 22 4
25 11 7
26 25 6
26 27 3
26 1 2
26 21 4
26 23 4
26 8 3
26 13 2
27 24 1
27 4 9
27 16 5
27 9 9
27 21 1
27 7 2
27 10 9
28 27 4
28 3 8
28 11 3
28 12 6
28 25 6
28 4 2
28 8 4
29 29 6
29 15 7
29 5 3
29 11 2
29 0 4
29 18 3
29 28 9
IG
IT
