D L 30 210
0 5 7
0 11 3
0 23 8
0 4 6
0 26 9
0 9 6
0 17 4
1 29 9
1 3 5
1 20 2
1 4 9
1 16 7
1 2 8
1 11 4
2 9 6
2 3 8
2 4 6
2 5 1
2 10 4
2 29 3
2 19 3
3 14 3
3 18 9
3 6 6
3 28 2
3 24 6
3 9 6
3 20 4
4 21 3
4 28 6
4 8 1
4 14 4
4 3 7
4 23 6
4 19 4
5 11 2
5 25 6
5 4 6
5 21 6
5 5 1
5 18 4
5 15 3
6 21 9
6 11 7
6 14 6
6 26 3
6 8 2
6 13 5
6 29 1
7 15 3
7 0 3
7 13 1
7 14 1
7 18 9
7 26 8
7 6 9
8 0 1
8 6 9
8 9 4
8 20 4
8 13 8
8 8 2
8 18 5
9 9 3
9 5 4
9 6 7
9 18 9
9 10 4
9 0 5
9 23 2
10 28 3
10 17 5
10 8 8
10 20 8
10 13 9
10 21 5
10 4 5
11 12 8
11 20 4
11 22 1
11 19 9
11 18 9
11 9 2
11 7 2
12 10 1
12 2 9
12 20 5
12 23 6
12 17 8
12 3 8
12 28 1
13 0 6
13 29 5
13 27 5
13 3 2
13 11 6
13 9 1
13 19 4
14 9 8
14 18 9
14 1 2
14 19 8
14 22 9
14 25 6
14 16 8
15 5 3
15 14 2
15 3 4
15 29 1
15 15 2
15 12 4
15 22 9
16 25 6
16 22 6
16 8 4
16 14 4
16 5 1
16 4 5
16 20 1
17 3 2
17 6 8
17 2 6
17 15 9
17 29 7
17 4 9
17 21 7
18 16 8
18 25 5
18 15 4
18 19 7
18 0 7
18 7 5
18 5 2
19 8 8
19 20 2
19 1 8
19 0 6
19 7 4
19 18 7
19 3 8
20 14 5
20 25 8
20 28 8
20 0 2
20 18 7
20 10 3
20 5 3
21 17 7
21 4 7
21 10 4
21 18 6
21 1 7
21 12 1
21 26 7
22 0 4
22 25 6
22 2 4
22 4 8
22 23 4
22 15 3
22 26 9
23 21 4
23 15 1
23 1 7
23 13 5
23 20 4
23 18 3
23 5 1
24 26 2
24 25 9
24 12 2
24 15 5
24 14 1
24 5 7
24 6 9
25 1 6
25 11 3
25 8 2
25 17 1
25 23 7
25 15 4
25 28 6
26 12 1
26 14 1
26 2 2
26 13 9
26 1 9
26 25 6
26 17 9
27 10 4
27 19 8
27 5 1
27 29 1
27 2 1
27 28 3
27 4 9
28 23 5
28 6 5
28 2 2
28 26 3
28 7 8
28 0 6
28 9 0
29 19 4
29 25 3
29 2 8
29 20 7
29 14 2
29 10 7
29 18 6
IG
IT
